1000
31.035507 28.979445 27.772015 29.530561 
1000
86.842102 85.217384 76.923080 72.321426 
1000
100.000000 36.082474 46.391754 33.333332 
1000
100.000000 22.448978 33.673470 9.183674 
1000
100.000000 18.367348 23.469389 23.232325 
1000
84.313728 8.080808 48.421051 26.041668 
1000
31.596962 29.560719 28.723537 30.041636 
1000
68.518517 90.090088 66.964287 55.357147 
1000
14.851485 42.424240 16.842106 15.463917 
1000
28.272182 26.691097 26.347300 27.613472 
1000
68.518517 58.558552 88.392860 80.555557 
1000
13.265306 26.530611 19.191919 10.204082 
1000
27.982431 26.567501 26.324848 27.466560 
1000
62.616825 59.821426 68.518517 51.401871 
1000
43.298969 9.278350 36.170216 21.212122 
1000
27.651573 26.432112 26.187647 27.258453 
1000
74.311920 57.009346 89.908257 52.293575 
1000
27.693626 26.566406 26.322088 27.357468 
1000
53.846157 93.518517 57.692307 65.384613 
1000
12.500000 7.142858 8.333334 9.278350 
1000
27.918550 27.038502 26.775858 27.888865 
1000
63.106800 69.444443 57.407410 40.566040 
1000
10.101010 12.371133 13.978495 11.224489 
1000
23.274021 22.692194 22.839039 23.440424 
1000
22.123894 16.964287 41.818184 45.945946 
1000
5.940594 8.910892 5.000000 16.831682 
1000
23.204786 22.545315 22.726799 23.349520 
1000
26.785713 40.000000 33.928570 27.522936 
1000
8.080808 7.070707 12.244898 8.000000 
1000
20.834455 20.596106 20.610569 21.065170 
1000
73.394493 76.576576 89.908257 69.444443 
1000
37.234039 25.252527 21.052631 42.553188 
1000
22.680410 57.291668 38.775509 21.276594 
1000
41.237114 59.375000 25.531916 29.787233 
1000
31.632652 21.212120 31.632656 19.791668 
1000
8.910892 8.163265 50.505047 20.000000 
1000
10.416666 8.910892 4.123711 49.484535 
1000
13.402061 35.714287 5.102041 22.772278 
1000
6.060606 8.163266 2.061856 45.918365 
1000
14.678899 12.500000 25.925926 22.641510 
1000
4.950495 13.131313 8.247422 45.544552 
1000
29.591837 7.142858 18.556700 16.666666 
1000
7.291667 10.000000 45.833336 21.428572 
1000
30.927834 8.163265 44.329895 15.625000 
1000
31.914892 36.000000 13.186814 21.052631 
1000
18.181818 48.484848 7.070707 6.000000 
1000
19.387754 41.584160 6.000000 4.040404 
1000
5.154639 33.673470 8.163266 14.432989 
1000
4.040404 42.000000 10.101010 8.080808 
1000
4.545455 28.828827 7.272728 21.621622 
1000
9.000000 26.262627 25.252527 20.202021 
1000
7.920792 2.020202 45.918365 8.000000 
1000
5.102041 4.081633 18.000000 38.775509 
1000
4.081633 31.313133 8.910892 18.811882 
1000
9.090909 26.530611 22.222223 15.306123 
1000
38.144329 1.030928 10.204082 16.494844 
1000
17.757011 30.188679 6.481482 6.481482 
1000
34.343437 20.000000 11.000000 6.185567 
1000
12.371134 6.122449 40.404041 7.142858 
1000
7.142857 17.525772 48.453609 5.102041 
1000
6.000000 9.090909 45.454548 2.040816 
1000
8.163265 9.183674 16.326532 32.653065 
1000
18.181818 7.070707 17.346937 22.999998 
1000
4.081633 7.070707 16.999998 34.653465 
1000
18.000000 20.408163 35.714287 4.081633 
1000
5.050505 4.000000 44.897957 5.154639 
1000
4.040404 5.050505 46.938774 5.154639 
1000
8.000000 6.122449 47.000000 7.070707 
1000
5.050505 6.060606 47.959183 5.050505 
1000
5.050505 20.618557 45.833332 5.102041 
1000
5.000000 6.122449 38.000004 8.163266 
1000
17.821781 5.940594 31.372551 3.883495 
1000
6.250000 16.326532 35.353535 6.060606 
1000
4.040404 7.000000 45.999996 4.000000 
1000
22.448980 7.216495 37.113400 18.750000 
1000
34.693874 3.030303 18.181818 7.000000 
1000
4.040404 14.141415 36.082474 11.111111 
1000
17.171717 33.333336 4.950495 6.185567 
1000
4.123711 43.877552 4.081633 5.154639 
1000
7.920792 25.252527 20.408163 31.313129 
1000
5.050505 4.040404 46.938778 6.122449 
1000
10.000000 31.313133 6.000000 17.346939 
1000
5.050505 52.040817 7.000000 12.121212 
1000
8.000000 48.484848 7.142858 21.428572 
1000
33.333332 5.000000 23.232323 20.833332 
1000
21.568628 4.000000 37.000000 5.102041 
1000
3.092783 34.693878 20.408163 6.122449 
1000
5.050505 3.030303 51.000000 9.090909 
1000
6.122449 2.040816 46.391754 8.080808 
1000
6.250000 37.000000 19.191919 20.618557 
1000
3.061224 27.272728 35.714283 6.185567 
1000
6.000000 8.247422 31.000000 18.811882 
1000
4.587156 4.629630 40.000000 3.703704 
1000
14.000000 36.363636 26.262627 4.123711 
1000
8.163265 7.070707 57.142853 6.060606 
1000
2.702703 10.000000 34.513275 4.424779 
1000
9.000000 3.000000 15.463917 32.323231 
1000
30.555555 6.481482 4.587156 16.822430 
1000
3.061224 7.070707 4.123711 50.505047 
1000
4.123711 20.618557 16.161615 42.424244 
1000
7.000000 4.040404 5.154639 45.918369 
1000
8.000000 4.040404 9.000000 48.000000 
1000
11.000000 4.123711 4.040404 43.434341 
1000
17.346937 10.891088 5.102041 33.673470 
1000
26.530611 8.000000 6.060606 33.673470 
1000
8.080808 5.050505 4.081633 45.918365 
1000
5.154639 3.960396 1.052632 45.000000 
1000
7.000000 5.000000 7.920792 42.424244 
1000
7.216495 7.070707 3.000000 44.444447 
1000
23.469389 8.080808 34.020618 21.875000 
1000
6.060606 12.500000 9.999999 36.734695 
1000
7.216495 4.000000 3.092783 54.545456 
1000
9.090909 18.556700 7.070707 36.363636 
1000
12.244898 14.000000 8.080808 31.632652 
1000
8.080808 18.000000 6.122449 50.000000 
1000
5.050505 8.000000 5.050505 58.163261 
1000
6.060606 14.432989 4.081633 41.237114 
1000
8.080808 8.910892 7.070707 45.918365 
1000
6.000000 7.000000 4.000000 47.000000 
1000
8.163266 6.122449 20.408163 50.505054 
1000
8.000000 4.950495 9.000000 45.454544 
1000
7.000000 4.040404 9.375000 45.833336 
1000
7.142857 3.061224 17.171717 38.775509 
1000
6.000000 15.151516 7.216495 42.424244 
1000
8.080808 48.979591 17.525772 2.040816 
1000
9.900990 47.000000 8.080808 4.040404 
1000
12.371134 7.070707 10.309278 37.373737 
1000
36.633663 4.040404 8.163266 24.742268 
1000
16.326530 4.000000 38.000000 6.060606 
1000
16.326532 5.940594 20.202021 39.393936 
1000
45.360825 1.030928 8.080808 6.000000 
1000
3.092783 18.000000 6.185567 32.653065 
1000
33.333336 8.823529 5.882353 15.686275 
1000
13.793103 25.663715 8.695652 2.608696 
1000
7.070707 46.000000 18.181818 4.081633 
1000
39.795921 7.070707 18.181818 5.882353 
1000
6.930693 5.102041 19.387756 33.673470 
1000
8.000000 6.122449 32.000000 13.402061 
1000
4.040404 5.263158 23.404255 37.113400 
1000
9.090909 35.714287 8.000000 28.865978 
1000
4.040404 17.000000 33.673470 7.070707 
1000
8.000000 35.051544 19.387754 2.040816 
1000
23.232323 20.202021 31.958761 5.050505 
1000
4.123711 8.163266 16.161615 32.323231 
1000
39.000000 15.306123 6.060606 19.191919 
1000
6.060606 8.000000 31.313133 15.151516 
1000
33.000000 5.154639 17.171719 4.040404 
1000
7.000000 3.061224 21.212122 37.373737 
1000
4.040404 5.000000 7.000000 45.544552 
1000
9.183674 7.142858 48.453609 17.171717 
1000
16.326530 2.040816 35.353535 12.121212 
1000
5.154639 5.102041 21.052631 33.673470 
1000
35.000000 4.000000 8.000000 19.000000 
1000
41.666664 17.171717 9.000000 4.166667 
1000
8.163266 15.151516 38.144329 19.387756 
1000
5.050505 30.612246 22.448978 8.247422 
1000
9.999999 48.453609 4.040404 8.333333 
1000
3.960396 48.484848 7.142857 7.070707 
1000
2.040816 47.959183 5.154639 11.224490 
1000
8.000000 27.551020 29.166666 14.432989 
1000
33.333336 24.000000 6.185567 5.050505 
1000
36.000000 15.306123 6.000000 8.163266 
1000
16.161615 4.123711 4.081633 37.000000 
1000
15.306123 5.050505 4.210526 34.020618 
1000
45.454548 17.171717 9.900990 4.040404 
1000
9.183674 50.000000 5.050505 5.050505 
1000
7.070707 46.464645 7.070707 4.166667 
1000
18.811880 15.000001 3.030303 32.989689 
1000
5.050505 34.020618 6.185567 19.587629 
1000
18.367348 28.712872 38.613857 7.070707 
1000
5.102041 4.123711 19.387754 36.000000 
1000
10.101010 41.000000 2.061856 24.742268 
1000
6.060606 15.151514 38.775509 3.061224 
1000
6.122449 7.070707 51.000000 4.040404 
1000
9.999999 19.587629 50.000000 11.000000 
1000
4.081633 8.080808 60.824741 6.122449 
1000
21.875000 9.183674 32.323231 12.244898 
1000
18.181818 4.040404 37.500000 8.000000 
1000
4.081633 10.101010 51.515152 7.070707 
1000
22.916666 35.714283 19.387754 8.163265 
1000
7.142858 3.960396 53.061222 6.060606 
1000
20.408163 12.244898 28.865978 10.204082 
1000
8.000000 6.060606 48.484848 5.102041 
1000
38.383839 5.050505 0.000000 17.525772 
1000
12.380953 35.576923 5.607476 17.475729 
1000
35.714283 8.080808 5.000000 18.556700 
1000
33.000000 19.000000 10.101010 8.247422 
1000
2.020202 9.183674 45.360825 5.050505 
1000
35.353535 6.185566 15.306123 8.247422 
1000
26.530611 17.346937 20.408163 21.649485 
1000
4.040404 2.040816 45.000000 8.247422 
1000
7.070707 7.142858 30.612246 29.166666 
1000
20.408163 5.000000 34.020618 10.101010 
1000
7.843138 10.101010 37.623760 13.131313 
1000
6.060606 26.262627 34.693874 19.387754 
1000
1.010101 22.105263 32.323231 5.102041 
1000
31.683168 25.252523 5.050505 17.000000 
1000
8.000000 19.000000 40.816326 3.061224 
1000
3.030303 7.142858 47.474747 4.040404 
1000
36.082474 5.102041 1.020408 31.250000 
1000
14.851485 10.204082 32.323231 8.000000 
1000
6.122449 9.000000 51.515152 6.185566 
1000
31.958761 29.999998 23.469387 9.090909 
1000
9.183674 4.081633 45.454544 5.000000 
1000
9.090909 5.050505 46.464645 18.750000 
1000
6.060606 2.040816 48.484848 8.333334 
1000
9.090909 8.000000 53.061222 10.101010 
1000
12.121212 36.363636 12.121212 0.000000 
1000
5.050505 20.202021 39.795918 5.102041 
1000
13.131313 14.000000 37.755100 16.326532 
1000
7.000000 3.061224 46.464649 6.060606 
1000
10.891089 42.708336 7.216495 6.000000 
1000
4.901961 18.181818 32.323231 5.208333 
1000
6.000000 7.000000 33.673470 21.428572 
1000
4.081633 8.247422 44.000000 22.222223 
1000
27.192984 22.522522 1.818182 5.405406 
1000
9.000000 6.122449 45.454544 8.163265 
1000
8.000000 8.163266 19.191919 35.353535 
1000
5.000000 22.448978 17.171719 36.000000 
1000
2.020202 12.121212 5.102041 52.000000 
1000
4.000000 40.816326 19.191919 2.083333 
1000
8.910892 14.000000 4.166667 39.603962 
1000
9.000000 47.474747 10.204082 2.040816 
1000
9.090909 45.454544 20.202021 6.185566 
1000
4.950495 50.980396 12.745099 3.000000 
1000
17.171717 14.285715 27.083334 4.000000 
1000
7.920792 50.000000 10.891088 5.102041 
1000
15.463917 35.000004 5.102041 3.125000 
1000
9.278350 56.842106 9.000000 5.050505 
1000
2.970297 15.151516 39.000000 3.000000 
1000
18.811882 7.216495 6.060606 31.632656 
1000
6.060606 7.142857 4.081633 47.474747 
1000
8.910892 33.673470 8.000000 21.000000 
1000
11.111112 16.161615 49.484535 10.891088 
1000
3.030303 4.123711 43.000000 7.216495 
1000
2.040816 7.000000 47.474747 11.111112 
1000
7.070707 3.030303 46.875000 6.122449 
1000
3.000000 6.060606 17.346939 35.353535 
1000
16.326530 7.070707 9.090909 51.515152 
1000
35.000004 8.910892 18.367348 5.050505 
1000
35.051544 7.070707 21.428572 2.061856 
1000
40.594059 9.900990 11.000000 4.901961 
1000
14.583333 34.343433 7.291667 6.000000 
1000
13.432837 36.764706 6.569343 3.759398 
1000
19.587629 5.102041 41.414143 3.092783 
1000
4.123711 6.930693 46.464645 6.060606 
1000
5.102041 7.142858 50.000000 9.183674 
1000
35.714283 5.208333 21.875000 3.092783 
1000
26.262627 20.000000 33.673470 8.000000 
1000
5.050505 8.910892 17.346939 32.323231 
1000
41.000000 7.368422 9.183674 3.092783 
1000
15.306123 38.000000 8.080808 8.247422 
1000
34.000000 19.148935 8.163265 7.000000 
1000
19.587629 21.000000 6.060606 36.734695 
1000
22.222223 6.060606 4.081633 33.333332 
1000
4.081633 28.282827 9.278350 25.510204 
1000
13.402061 6.185567 7.142857 37.113400 
1000
5.050505 18.000000 12.244898 36.363636 
1000
6.862745 5.102041 17.346939 50.000000 
1000
15.306123 34.693878 5.154639 6.930693 
1000
4.123711 8.163266 7.070707 46.938778 
1000
17.171717 10.891088 8.163265 44.000000 
1000
9.999999 18.181818 6.060606 34.693874 
1000
27.551020 6.060606 38.775509 2.020202 
1000
11.224490 5.940594 52.083332 4.040404 
1000
8.080808 34.020618 14.705883 3.061224 
1000
6.122449 18.811882 4.081633 36.000000 
1000
8.163266 2.061856 5.050505 49.494953 
1000
18.181818 29.292929 7.142858 24.742268 
1000
4.123711 36.363636 4.040404 14.141414 
1000
8.000000 19.000000 36.000000 2.020202 
1000
7.216495 36.633663 18.181818 2.970297 
1000
14.141414 41.836735 7.216495 3.061224 
1000
8.247422 36.734695 16.666666 19.587629 
1000
39.175259 17.647058 4.166667 3.092783 
1000
6.060606 7.142858 7.070707 53.465347 
1000
13.265306 6.000000 8.163265 37.755100 
1000
25.252523 16.161615 18.367348 4.040404 
1000
25.000000 10.000000 21.000000 35.353535 
1000
3.030303 34.020618 5.208333 17.525772 
1000
7.000000 23.469387 6.060606 36.000000 
1000
8.247422 32.323231 7.142858 18.181818 
1000
33.333336 17.000000 7.000000 4.000000 
1000
6.185566 48.979591 19.387754 2.040816 
1000
7.142857 47.000000 6.122449 3.030303 
1000
34.000000 20.408163 5.050505 3.061224 
1000
46.000000 5.050505 9.900990 7.000000 
1000
3.061224 36.734695 6.122449 12.371134 
1000
6.060606 8.000000 36.734695 28.282829 
1000
26.666668 2.521009 14.166667 6.557377 
1000
55.555557 6.000000 8.080808 7.142858 
1000
15.463917 4.950495 5.208333 34.653465 
1000
4.040404 50.000000 7.142857 6.185567 
1000
36.000000 11.340206 9.090909 16.326530 
1000
46.938774 4.040404 5.000000 4.166667 
1000
17.000000 34.653465 4.950495 7.142858 
1000
5.050505 4.000000 5.102041 45.999996 
1000
8.080808 12.244898 8.000000 31.313133 
1000
4.081633 8.000000 19.191919 47.474747 
1000
7.070707 5.940594 5.102041 47.000000 
1000
56.122444 10.000000 8.910891 7.142857 
1000
26.732674 6.000000 25.000000 8.163265 
1000
32.653061 5.000000 18.000000 7.216495 
1000
41.000000 11.000000 6.000000 24.000000 
1000
51.020409 4.081633 4.081633 6.185566 
1000
47.524754 7.843138 5.000000 5.000000 
1000
43.434345 2.000000 8.080808 6.000000 
1000
47.000000 6.930693 8.421053 5.050505 
1000
3.061224 51.000000 17.346937 8.163266 
1000
37.373737 14.432989 9.090909 6.122449 
1000
6.122449 43.877552 11.340205 5.940594 
1000
5.000000 42.424244 8.163265 5.050505 
1000
7.142858 44.444447 3.000000 7.142857 
1000
21.212122 35.051544 21.212120 7.070707 
1000
5.102041 53.535355 9.999999 4.040404 
1000
11.881188 40.404041 9.000000 4.950495 
1000
5.940594 38.235294 17.821781 4.901961 
1000
18.181818 38.144329 8.080808 3.092783 
1000
8.910892 45.000000 17.171717 9.278350 
1000
2.040816 17.171717 8.163265 35.714287 
1000
5.000000 8.910892 9.900990 8.910892 
1000
4.123711 21.428572 13.402061 42.857143 
1000
6.000000 5.102041 7.142858 47.474747 
1000
7.070707 20.000000 5.102041 48.000000 
1000
8.910892 5.102041 5.940594 12.121212 
1000
8.080808 19.387754 38.775509 4.081633 
1000
7.000000 7.142858 47.000000 3.125000 
1000
8.080808 17.171717 32.323231 6.060606 
1000
10.204082 19.000000 41.414143 5.102041 
1000
4.081633 7.000000 15.306123 39.000000 
1000
39.795918 9.183674 7.142858 19.387756 
1000
17.821783 19.191919 21.428572 6.060606 
1000
42.424244 14.000000 6.862745 8.163265 
1000
45.360825 4.040404 16.161615 5.102041 
1000
46.938774 3.030303 7.142857 5.102041 
1000
36.633663 7.070707 22.222223 11.111111 
1000
46.000000 5.102041 3.092783 6.060606 
1000
47.959183 11.000000 5.000000 5.102041 
1000
13.000000 45.918365 10.309278 10.101010 
1000
15.306123 34.653465 8.163265 6.122449 
1000
21.000000 32.323231 8.163265 7.142857 
1000
3.030303 35.416664 18.181818 7.070707 
1000
66.666672 55.102039 76.923080 63.541664 
1000
75.257729 78.494621 71.739128 74.468079 
1000
84.536079 73.469391 85.869560 80.851067 
1000
84.536079 77.659569 78.723404 79.787239 
1000
78.125000 76.595741 88.421051 75.789474 
1000
84.210526 85.000000 81.443298 74.000000 
1000
80.208336 76.041664 79.569893 68.421051 
1000
84.269661 79.787231 74.226799 85.567009 
1000
84.782608 80.412369 82.000000 76.767677 
1000
86.206894 76.842102 75.000000 81.914894 
1000
45.918369 54.736847 48.387100 45.833336 
1000
72.631577 13.000000 41.414143 33.673470 
1000
68.478256 24.000000 70.408157 39.583336 
1000
67.708328 61.000000 65.263161 66.315788 
1000
48.484848 16.000000 24.752476 13.861386 
1000
14.851485 10.101010 50.000000 10.000000 
1000
16.326530 12.000000 20.408163 64.646461 
1000
10.309278 9.000000 13.402061 49.494949 
1000
28.571426 14.999999 17.821783 46.875000 
1000
16.161615 35.714283 15.151516 36.000000 
1000
50.515461 20.202021 21.000000 22.999998 
1000
5.050505 68.686867 8.163265 6.122449 
1000
50.000000 19.000000 15.000001 16.326532 
1000
7.216495 30.303028 16.494844 22.916666 
1000
17.171717 47.474747 15.000001 13.541667 
1000
16.326532 41.000000 15.151516 35.714287 
1000
14.999999 48.514851 10.101010 39.795918 
1000
10.204082 10.101010 51.000000 11.340206 
1000
22.448980 14.999999 15.686275 58.000000 
1000
24.242424 8.080808 34.020618 9.183674 
1000
18.556700 16.494844 13.265306 46.938774 
1000
27.000002 14.999999 12.244898 53.999996 
1000
19.000000 13.265306 11.224490 58.000000 
1000
9.278350 7.142858 6.060606 53.608246 
1000
10.000000 8.910892 8.163265 46.000000 
1000
40.000000 19.000000 17.171717 26.000000 
1000
15.151516 36.734695 25.510204 32.989689 
1000
42.857143 14.851485 16.161615 12.871287 
1000
12.500000 16.326530 38.383839 15.463917 
1000
24.242424 35.051544 46.000000 34.343433 
1000
29.292929 18.181818 19.387754 40.000000 
1000
21.782177 25.000000 30.693069 33.333332 
1000
14.432989 51.020409 15.306123 16.494844 
1000
14.141415 52.525253 12.121212 15.306123 
1000
16.831684 52.040817 8.163265 11.224489 
1000
8.247422 51.485149 7.000000 11.224489 
1000
31.632652 12.371134 25.252527 41.237114 
1000
50.495052 14.141414 19.000000 15.151514 
1000
54.081631 14.285715 21.212122 15.463917 
1000
12.871287 8.080808 51.041668 9.090909 
1000
9.090909 15.151516 66.999992 18.181818 
1000
48.999996 7.070707 16.161615 17.346939 
1000
47.474747 15.151516 20.618557 24.742268 
1000
23.711340 19.801981 20.000000 42.424240 
1000
14.000000 23.711340 46.938778 18.811882 
1000
8.163265 12.000000 52.000000 14.285715 
1000
46.464649 12.000000 16.161615 25.510204 
1000
50.000000 8.163265 7.216495 9.278350 
1000
46.938774 13.265306 16.161615 21.428572 
1000
35.714287 17.821783 29.000000 16.000000 
1000
14.583334 15.306123 55.102039 15.463917 
1000
9.090909 56.122444 7.070707 18.181818 
1000
14.141415 42.424244 34.343433 10.101010 
1000
9.090909 42.268040 16.161615 11.111112 
1000
13.402061 10.309278 20.408163 45.918365 
1000
16.161615 17.171717 54.545456 16.666668 
1000
11.111112 24.489796 45.454548 20.202021 
1000
40.310078 8.593750 7.633588 8.527132 
1000
13.131313 18.367348 56.701027 16.326530 
1000
48.000000 12.121212 7.142858 8.163266 
1000
15.306123 18.367348 46.938774 22.222223 
1000
31.313129 17.708332 16.000000 48.979591 
1000
16.161615 19.000000 16.000002 51.515152 
1000
13.131313 40.404041 29.591835 9.183674 
1000
16.161615 13.541667 59.595959 13.265306 
1000
12.000000 14.141415 48.484848 8.080808 
1000
14.141414 27.272724 18.000000 52.525253 
1000
17.000000 42.105263 38.144329 15.463917 
1000
38.775509 26.530611 17.346939 28.571426 
1000
52.000000 12.121212 7.070707 9.090909 
1000
41.237114 12.371134 15.306123 19.387754 
1000
48.979591 16.000000 14.285713 31.313129 
1000
52.525253 13.265306 13.265306 18.750000 
1000
14.285713 14.141414 16.161615 51.515152 
1000
45.360825 21.000000 11.000000 14.141415 
1000
54.000004 14.999999 13.265306 28.000000 
1000
7.216495 42.424244 9.183674 18.556700 
1000
13.861386 52.040817 17.821783 22.549019 
1000
15.887851 42.990654 15.887851 19.626167 
1000
14.285713 54.000004 15.151514 19.191919 
1000
8.247422 60.999996 8.163266 9.000000 
1000
20.618557 30.612246 33.333332 14.999999 
1000
13.000000 11.111112 51.020409 5.208333 
1000
27.272728 16.494844 36.082474 20.202021 
1000
20.202021 13.131313 45.999996 17.821783 
1000
12.121212 17.171717 13.000000 60.999996 
1000
13.265306 9.278350 62.500000 9.183674 
1000
10.891089 9.900990 10.101010 51.000000 
1000
32.291664 43.434341 30.851063 42.708332 
1000
12.244898 18.000000 24.489796 48.453609 
1000
32.653065 17.171717 46.938774 12.371134 
1000
16.326530 16.161615 54.081631 13.402061 
1000
8.247422 19.000000 48.979591 7.070707 
1000
15.306123 17.171719 61.224483 16.161615 
1000
9.278350 9.000000 10.204082 48.979591 
1000
16.666666 13.402061 50.000000 18.750000 
1000
15.306123 15.151514 50.495052 27.272728 
1000
30.000002 20.202021 38.144329 17.346939 
1000
12.000000 47.959183 6.185567 11.224490 
1000
19.801981 16.326530 57.575764 20.202021 
1000
11.111112 16.666668 48.999996 7.142858 
1000
14.851485 22.448980 29.166666 38.144329 
1000
30.927834 16.161615 19.191917 36.363636 
1000
12.121212 26.999998 19.000000 45.360825 
1000
9.000000 10.101010 12.244898 57.000000 
1000
45.000000 11.000000 11.458334 11.224489 
1000
33.333336 32.000004 16.161615 26.262627 
1000
44.329895 18.181818 12.500000 19.000000 
1000
32.432430 29.464283 11.818182 18.918919 
1000
16.161615 45.999996 15.463917 17.346939 
1000
54.081631 9.000000 11.111112 28.282829 
1000
45.454544 13.265306 26.262627 13.131313 
1000
40.000000 10.309278 22.448978 8.247422 
1000
9.183674 19.191919 26.530611 42.999996 
1000
15.306123 20.618557 20.618557 46.534653 
1000
26.315790 59.793812 17.171719 13.265306 
1000
8.910892 54.999996 10.101010 7.142858 
1000
10.000000 62.886597 13.402061 11.224490 
1000
8.247422 26.262627 7.070707 39.393936 
1000
43.877552 26.804123 12.000000 13.000000 
1000
67.010307 15.625000 12.244898 14.141415 
1000
50.000000 16.326532 14.432989 18.556700 
1000
41.000000 18.181818 14.141415 9.183674 
1000
58.585857 14.285713 14.141414 14.141414 
1000
25.252523 11.224490 10.000000 31.632652 
1000
25.000000 14.432989 14.999999 55.445545 
1000
30.612246 44.000000 16.000000 11.340206 
1000
24.742268 24.242424 16.161615 51.515152 
1000
14.432989 11.224489 10.101010 51.515152 
1000
12.631578 12.000000 10.204082 54.081631 
1000
10.101010 14.000000 11.111112 55.555553 
1000
34.375000 17.346939 18.000000 49.484535 
1000
21.428572 28.282827 20.000000 32.323231 
1000
13.265306 19.191919 14.285715 52.040817 
1000
9.000000 12.121212 6.000000 61.000000 
1000
13.000000 13.000000 10.784314 66.999992 
1000
52.040817 7.070707 11.340206 13.541667 
1000
51.515152 16.161615 14.141415 18.367348 
1000
38.947369 24.242424 16.161615 19.387756 
1000
16.000000 26.262627 39.795918 19.000000 
1000
53.061222 11.111112 12.000000 27.272728 
1000
54.999996 14.285715 12.871286 17.525772 
1000
25.252523 12.000000 32.000000 11.111112 
1000
14.999999 27.835051 36.734695 20.618557 
1000
14.285713 29.292929 24.242424 38.144329 
1000
14.141414 39.393940 27.083334 35.353535 
1000
10.204082 59.999996 10.101010 12.000000 
1000
5.102041 9.000000 56.565659 10.891089 
1000
43.434345 31.313133 36.734695 29.000000 
1000
53.999996 15.306123 25.000000 13.131313 
1000
50.000000 14.000000 40.000000 13.541667 
1000
9.278350 50.515461 9.278350 14.141414 
1000
15.151516 55.999992 11.111112 12.121212 
1000
13.131313 34.653465 8.163266 26.262627 
1000
15.463917 31.313129 20.000000 35.714283 
1000
13.131313 47.422680 25.773195 30.000002 
1000
6.185567 50.505054 13.131313 8.247422 
1000
11.764706 43.877552 14.000000 21.000000 
1000
12.244898 38.775509 12.121212 30.303028 
1000
10.309278 19.191919 14.285715 52.000000 
1000
39.795921 32.323231 16.326532 35.051544 
1000
55.555557 14.999999 13.000000 14.141415 
1000
25.773195 11.111112 36.734695 11.111112 
1000
13.131313 11.111111 44.791664 14.583333 
1000
17.346939 40.404041 12.244898 22.222223 
1000
22.448980 19.191919 52.577316 13.402061 
1000
14.285713 34.343437 23.711340 36.363636 
1000
11.000000 11.000000 58.585857 15.686275 
1000
50.515461 12.121212 6.185567 21.212122 
1000
15.625000 34.000000 16.000002 11.000000 
1000
27.272728 29.292929 15.306123 36.363636 
1000
19.191919 10.101010 23.469389 44.329895 
1000
16.326532 27.000002 19.000000 44.897957 
1000
9.999999 18.556700 14.432989 43.434341 
1000
12.371134 11.111112 17.171719 66.326530 
1000
8.163266 11.111112 22.448978 43.000000 
1000
13.207547 40.566040 32.075474 14.285715 
1000
11.224490 24.752478 53.061222 15.841585 
1000
17.821783 13.265306 32.323231 49.494949 
1000
14.583333 58.000004 18.556700 15.306123 
1000
6.185567 11.111111 63.265305 7.216495 
1000
45.918365 17.000000 17.171717 12.871286 
1000
36.363636 31.632656 15.306123 13.131313 
1000
18.750000 13.000000 24.489796 51.020409 
1000
22.000000 42.268040 26.530611 12.121212 
1000
13.131313 19.191919 53.465347 26.000000 
1000
12.244898 12.000000 58.585857 9.090909 
1000
45.918365 9.000000 31.683170 11.340206 
1000
46.464645 11.111112 15.000001 23.000000 
1000
52.000000 18.367348 20.618557 17.346939 
1000
35.353535 17.346939 44.444447 19.387756 
1000
54.455448 14.851485 9.183674 16.000000 
1000
7.070707 48.979591 3.061224 6.122449 
1000
13.000000 42.000000 16.666666 31.683168 
1000
11.458333 18.367348 14.285713 48.484848 
1000
15.151516 27.551020 16.842104 55.555557 
1000
13.131313 9.183674 10.204082 51.020409 
1000
60.999996 12.244898 15.151516 12.244898 
1000
7.216495 16.666668 45.000000 8.247422 
1000
13.402061 51.546391 17.000000 16.161615 
1000
36.000000 30.612246 24.742268 22.448980 
1000
55.102039 17.171717 16.999998 14.432989 
1000
57.142853 8.910892 8.080808 6.122449 
1000
54.999996 13.131313 13.000000 18.367348 
1000
22.680412 38.000000 7.142858 13.265306 
1000
19.000000 46.464645 18.811882 29.702971 
1000
25.510204 39.000000 20.202021 21.212122 
1000
51.515152 12.121212 14.285715 16.161615 
1000
39.000000 52.525253 25.000000 23.762377 
1000
50.000000 16.000000 13.000000 12.244898 
1000
42.857143 18.750000 13.265306 23.711340 
1000
15.151516 47.474747 18.367348 17.346939 
1000
40.816326 21.428572 14.583333 19.387754 
1000
60.824741 13.131313 10.204082 12.244898 
1000
11.000000 61.224491 10.204082 11.224489 
1000
9.090909 30.612246 11.111111 41.414143 
1000
14.851485 17.171717 15.000001 54.455448 
1000
40.625000 17.171717 17.171717 26.804123 
1000
7.920792 53.535355 8.080808 12.121212 
1000
49.484535 14.999999 11.578947 13.000000 
1000
10.204082 42.268040 10.204082 29.591837 
1000
15.306123 19.191919 15.306123 51.515152 
1000
13.265306 19.387754 18.367348 60.824741 
1000
13.402061 19.587629 14.432989 56.122444 
1000
6.930693 9.090909 9.000000 49.504951 
1000
24.489796 58.163261 13.000000 8.333334 
1000
15.151516 25.510204 16.161615 45.999996 
1000
38.541668 17.525772 21.649485 25.510204 
1000
13.725491 49.000000 14.851485 29.000002 
1000
48.979591 18.750000 6.250000 7.070707 
1000
24.752476 10.000000 56.701027 14.736841 
1000
23.232323 31.313133 13.131313 31.313129 
1000
15.306123 28.421053 16.666668 41.000000 
1000
28.000000 15.306123 32.291668 32.631580 
1000
16.494844 6.122449 46.315792 15.306123 
1000
18.367348 27.368420 57.142853 18.000000 
1000
9.000000 9.090909 50.000000 9.183674 
1000
15.151516 19.191919 46.464649 14.000000 
1000
29.292929 22.222223 38.144329 23.762377 
1000
19.191919 18.556700 44.897961 23.711340 
1000
12.500000 9.000000 10.101010 67.326729 
1000
16.326530 55.000000 13.131313 18.181818 
1000
11.111112 51.546391 10.101010 8.247422 
1000
15.151516 51.515152 20.408163 19.387756 
1000
17.708334 51.020409 18.000000 14.285713 
1000
28.571430 14.285715 14.285713 58.333336 
1000
21.428572 9.000000 13.131313 43.434341 
1000
15.306123 21.428572 24.242424 51.515152 
1000
9.999999 40.404041 7.142858 23.469389 
1000
16.000000 51.020409 10.416666 20.408163 
1000
37.373741 29.999998 25.510204 20.408163 
1000
16.161615 55.445545 13.402061 23.232323 
1000
27.835051 39.393936 8.000000 10.000000 
1000
15.841584 13.861386 13.402061 60.416668 
1000
9.999999 33.333332 6.122449 31.632652 
1000
15.151516 57.575764 26.804123 16.000000 
1000
41.584160 14.736841 29.702971 15.841585 
1000
17.000000 18.000000 14.432989 53.608246 
1000
13.131313 51.546391 8.000000 18.000000 
1000
21.212122 62.626266 12.244898 12.244898 
1000
13.861386 33.333336 32.989689 8.080808 
1000
45.918365 20.202021 12.000000 30.208334 
1000
26.530611 13.131313 41.052635 19.791668 
1000
10.101010 11.111112 56.701027 8.163266 
1000
10.309278 17.647058 52.040817 15.151516 
1000
19.191919 13.131313 34.693874 21.428572 
1000
19.801981 25.000000 39.393936 12.121212 
1000
39.175259 32.673271 38.000004 20.202021 
1000
59.405941 18.367348 22.448980 16.494844 
1000
3.030303 56.250000 14.583334 9.090909 
1000
14.285715 14.999999 26.530611 53.000004 
1000
12.000000 48.484848 8.080808 13.402061 
1000
16.161615 51.041664 15.151516 19.387756 
1000
37.113400 29.591835 26.262627 15.151516 
1000
50.505054 12.121212 11.111112 15.151516 
1000
61.458336 16.161615 15.463917 19.191919 
1000
19.191917 50.000000 13.861386 13.131313 
1000
11.458333 52.999996 14.285713 11.224489 
1000
24.242424 40.206184 22.222223 17.346937 
1000
19.417477 28.571430 41.489365 18.000000 
1000
13.131313 19.999998 25.252527 58.762886 
1000
46.391754 14.285713 19.000000 4.123711 
1000
9.090909 45.000000 16.000000 14.583334 
1000
50.515461 14.000000 15.306123 19.000000 
1000
52.525253 14.285715 18.811880 19.387754 
1000
57.142853 19.999998 13.131313 28.865978 
1000
12.371134 15.463917 57.142853 18.181818 
1000
11.224490 18.181818 8.000000 43.298969 
1000
53.535355 13.265306 11.111112 12.871287 
1000
51.515152 15.463917 10.101010 9.278350 
1000
31.250000 22.448978 12.121212 44.444447 
1000
40.206184 32.323231 15.463917 14.285715 
1000
15.841585 54.455448 16.666668 13.461539 
1000
50.526314 11.340206 11.578947 12.500000 
1000
49.494949 8.080808 11.881188 13.131313 
1000
40.404041 14.000000 35.000000 18.000000 
1000
17.647058 13.725491 23.300972 38.235294 
1000
25.773195 14.141414 15.306123 46.391754 
1000
55.102039 8.163265 11.111111 7.070707 
1000
55.555557 15.841584 19.587629 14.141414 
1000
22.000000 35.353535 6.122449 23.232325 
1000
48.453609 15.625000 13.131313 21.428572 
1000
39.000000 27.450981 16.831684 21.428572 
1000
55.208336 17.171717 20.202021 15.151516 
1000
55.670101 17.171717 13.000000 11.000000 
1000
55.000000 24.000000 18.181818 14.141414 
1000
22.000000 7.070707 33.663364 10.000000 
1000
16.000000 31.958761 47.000000 23.469387 
1000
18.811882 17.821781 9.090909 59.183674 
1000
21.649485 12.371134 20.000000 56.565659 
1000
18.181818 43.564354 11.000000 7.070707 
1000
57.000000 14.141415 12.244898 18.181818 
1000
47.058823 8.910892 10.679611 5.940594 
1000
11.224489 52.040817 14.285715 20.202021 
1000
14.583334 48.484848 20.202021 18.556700 
1000
12.121212 54.545456 13.861386 25.510204 
1000
52.040817 7.142858 9.183674 14.141414 
1000
62.244900 10.309278 18.367348 20.202021 
1000
11.111112 6.185567 39.393936 17.171717 
1000
13.265306 37.755100 17.346939 32.653065 
1000
45.918365 12.371134 20.408163 25.252523 
1000
17.708332 13.265306 44.897957 21.428572 
1000
13.402061 45.544552 9.375000 16.326530 
1000
13.131313 49.494949 20.000000 15.463917 
1000
28.000000 28.865978 11.224489 13.265306 
1000
47.959183 12.871286 14.285713 26.530611 
1000
51.041664 15.151516 20.408163 19.587629 
1000
61.999996 28.571426 24.742268 24.489796 
1000
10.309278 59.595959 11.111112 13.265306 
1000
47.474747 17.346937 13.265306 17.171717 
1000
32.000004 16.161615 41.000004 11.111112 
1000
50.485439 10.784314 15.686275 17.647058 
1000
13.402061 33.673470 20.000000 39.795918 
1000
16.161615 51.546391 20.408163 17.021276 
1000
10.204082 54.455448 14.141414 16.161615 
1000
24.742268 15.306123 50.505054 17.346937 
1000
11.000000 9.090909 26.000000 35.000000 
1000
22.999998 14.285713 14.285713 46.938774 
1000
46.875000 16.326532 24.752476 13.265306 
1000
24.489796 44.444447 13.541667 18.750000 
1000
25.000000 15.463917 11.111111 48.484848 
1000
17.346939 16.326532 12.244898 54.455448 
1000
10.000000 13.861386 11.111112 48.484848 
1000
51.546391 14.999999 15.151514 21.212122 
1000
19.587629 15.306123 36.082474 47.422680 
1000
15.841584 56.122444 13.131313 21.875000 
1000
10.101010 7.291667 54.166668 13.131313 
1000
15.306123 14.141414 16.666666 55.102039 
1000
8.163265 17.346939 28.865978 29.591835 
1000
52.040817 14.432989 13.265306 13.402061 
1000
42.424244 30.612242 25.252523 17.000000 
1000
51.020409 9.708738 12.000000 15.151516 
1000
59.595959 10.204082 11.224490 10.204082 
1000
54.639172 10.101010 13.131313 14.000000 
1000
36.734695 9.278350 29.896906 16.326530 
1000
26.530611 22.680412 47.474747 14.285715 
1000
22.680412 45.454544 14.285715 17.525772 
1000
25.000000 10.101010 49.494949 19.191917 
1000
12.371134 9.278350 54.545448 9.278350 
1000
52.000000 18.000000 21.212122 19.801981 
1000
50.515461 15.463917 23.232323 14.285713 
1000
46.464645 14.141414 23.711340 17.171719 
1000
56.000000 18.181818 18.367348 14.285715 
1000
50.505054 14.285715 10.891088 8.080808 
1000
24.242424 25.510204 14.141414 48.453609 
1000
8.000000 9.090909 38.383839 20.202021 
1000
13.402061 18.181818 57.142853 17.346939 
1000
12.371134 15.151516 46.464649 28.571426 
1000
15.306123 38.383839 18.000000 42.857143 
1000
20.618557 9.000000 45.454548 20.202021 
1000
7.070707 11.111112 49.494949 5.050505 
1000
15.151516 17.346937 52.040817 16.326530 
1000
30.303028 40.404041 14.432989 18.181818 
1000
19.191919 54.999996 12.000000 11.578947 
1000
9.278350 19.587629 54.455448 7.142857 
1000
17.346937 14.000000 46.464649 17.346939 
1000
9.183674 8.000000 48.000000 10.101010 
1000
15.151516 52.040817 14.000000 15.625000 
1000
18.000000 37.755100 30.000002 13.402061 
1000
21.428572 48.979591 12.121212 18.811882 
1000
14.000000 52.525253 11.111112 13.402061 
1000
18.181818 47.474747 14.141414 17.525772 
1000
10.309278 47.959183 7.070707 13.265306 
1000
15.151516 44.554455 18.181818 11.458334 
1000
21.782179 25.252527 12.371134 29.999998 
1000
18.181818 55.555557 13.402061 20.408163 
1000
12.244898 16.326530 11.111112 56.565659 
1000
32.653065 29.000000 64.646461 32.291664 
1000
14.285715 51.020409 13.402061 26.262627 
1000
16.326530 58.762886 27.272728 17.346937 
1000
52.040817 19.000000 23.469387 16.161615 
1000
7.070707 10.101010 11.881187 60.999996 
1000
16.326530 17.000000 10.309278 59.183674 
1000
16.326530 35.714283 8.080808 22.448980 
1000
19.191919 50.000000 13.131313 17.346939 
1000
47.959183 16.326530 29.999998 22.448978 
1000
17.346939 18.556700 25.510204 38.000000 
1000
9.090909 13.000000 15.151516 59.793812 
1000
18.556700 11.340206 16.161615 51.000000 
1000
12.121212 27.722773 8.000000 31.632652 
1000
26.804123 47.916664 16.326530 15.000001 
1000
18.367348 34.693878 12.244898 36.000000 
1000
53.535355 22.680412 15.306123 17.346937 
1000
9.090909 10.204082 7.142858 53.125000 
1000
16.326532 9.000000 53.535355 8.163265 
1000
41.836731 13.265306 32.653065 17.346939 
1000
19.000000 15.151516 48.484848 13.402061 
1000
27.551020 32.653061 17.525772 28.000000 
1000
17.821783 55.445545 18.556700 15.686275 
1000
7.000000 27.551020 10.309278 48.484848 
1000
11.458333 15.463917 12.121212 50.515461 
1000
7.216495 13.000000 9.000000 50.000000 
1000
17.346937 19.387754 19.387754 54.166668 
1000
13.333334 44.339622 14.285715 23.809525 
1000
50.505054 6.122449 24.489796 15.151516 
1000
12.000000 11.224489 62.244900 16.000000 
1000
12.121212 14.141414 14.141414 44.329895 
1000
13.131313 26.530611 14.285713 39.795918 
1000
16.999998 47.058823 19.387754 19.387754 
1000
16.161615 39.175259 26.530611 33.000000 
1000
10.101010 11.881188 50.505047 22.772276 
1000
8.163265 10.000000 57.575756 9.183674 
1000
46.938778 14.285715 18.367348 8.163266 
1000
39.393940 12.121212 34.000000 14.141415 
1000
30.303032 18.750000 19.000000 46.938774 
1000
19.587629 11.578947 13.541667 58.585857 
1000
22.448978 13.265306 13.000000 51.515152 
1000
8.333333 14.285713 11.111112 53.061222 
1000
44.444447 9.090909 9.000000 15.151516 
1000
41.836735 20.618557 23.469389 13.541667 
1000
14.141415 38.383839 40.404041 13.131313 
1000
18.181818 22.448978 46.391754 15.306123 
1000
19.587629 8.333333 45.263157 8.247422 
1000
15.306123 12.000000 55.789471 16.161615 
1000
11.881188 10.101010 19.000000 39.000000 
1000
34.020618 20.792080 13.402061 45.918365 
1000
18.000000 16.326530 13.265306 46.000000 
1000
24.590164 14.049586 12.096774 35.000000 
1000
33.000000 13.402061 14.141414 40.206184 
1000
12.121212 13.000000 51.960785 20.618557 
1000
46.000000 10.204082 20.408163 14.999999 
1000
23.711340 10.204082 34.000000 6.122449 
1000
28.282827 23.469389 18.556700 26.262627 
1000
17.346937 33.673470 30.208334 13.265306 
1000
26.262627 16.000000 58.333332 20.408163 
1000
57.142853 7.142858 6.122449 8.247422 
1000
17.525772 46.464645 13.861386 23.762377 
1000
33.333336 24.000000 39.795918 22.448978 
1000
46.464645 13.131313 17.525772 28.282827 
1000
51.515152 15.463917 21.875000 20.202021 
1000
50.000000 14.141414 19.387754 22.222223 
1000
8.163266 13.131313 50.000000 9.900990 
1000
18.000000 61.855667 15.686275 22.000000 
1000
5.154639 28.571426 5.154639 32.323231 
1000
47.474747 25.000000 15.686275 20.588236 
1000
53.061222 22.549019 16.161615 18.000000 
1000
52.525253 7.070707 9.090909 8.000000 
1000
52.999996 12.871286 12.121212 18.000000 
1000
39.393940 20.833332 13.131313 10.204082 
1000
27.083334 52.000000 15.151516 20.202021 
1000
31.313129 28.282827 16.000000 26.530611 
1000
19.801981 13.131313 14.141415 57.000000 
1000
11.224490 15.151516 33.000000 36.000000 
1000
12.244898 17.171717 46.464649 14.141415 
1000
15.625000 14.432989 53.535355 10.309278 
1000
20.408163 16.326530 52.083332 13.265306 
1000
19.587629 42.708336 20.202021 27.551020 
1000
15.151514 20.792080 54.901962 12.121212 
1000
13.402061 9.183674 9.000000 57.575764 
1000
12.000000 9.278350 7.070707 47.524754 
1000
20.202021 30.000002 18.181818 42.424244 
1000
22.000000 11.458334 13.402061 51.515152 
1000
20.833334 23.232323 45.360825 11.458334 
1000
21.212122 43.877552 9.090909 10.204082 
1000
16.161615 57.575756 12.244898 26.262627 
1000
9.000000 46.464645 9.090909 11.224489 
1000
23.232323 44.000000 14.999999 17.171719 
1000
25.000000 13.131313 21.428572 38.144329 
1000
20.408163 21.428572 14.999999 45.000000 
1000
11.224489 64.948448 12.121212 8.000000 
1000
14.285713 16.000000 55.999992 13.000000 
1000
11.111112 10.204082 49.000000 6.122449 
1000
20.202021 16.666666 45.454548 15.625000 
1000
17.708334 18.181818 49.494949 13.265306 
1000
25.510204 16.494844 51.515152 13.725491 
1000
9.000000 8.000000 55.102039 7.070707 
1000
23.469389 18.556700 30.612246 43.298969 
1000
11.224489 11.000000 5.050505 51.020409 
1000
18.367348 15.151516 15.306123 47.000000 
1000
27.835051 15.151516 14.999999 51.515152 
1000
55.670101 11.111112 13.131313 16.326530 
1000
11.224489 6.250000 10.416667 60.606064 
1000
19.387754 33.333336 22.000000 35.353535 
1000
10.309278 46.464645 11.111112 8.163266 
1000
32.323231 44.329895 16.494844 16.326530 
1000
23.000000 26.262627 20.202021 38.383839 
1000
15.463917 51.546391 16.161615 15.151516 
1000
12.244898 49.000000 12.121212 6.122449 
1000
18.556700 32.653065 42.424244 15.151516 
1000
19.791668 48.484848 13.000000 6.122449 
1000
15.151516 51.515152 17.346939 16.000000 
1000
18.000000 41.836735 24.000000 17.171717 
1000
17.525772 13.402061 16.000000 53.535355 
1000
9.183674 10.204082 8.247422 50.505047 
1000
11.111112 46.875000 10.101010 16.326530 
1000
19.999998 39.215687 13.131313 25.742575 
1000
25.000000 56.565655 25.252527 16.326530 
1000
26.999998 29.292929 53.061222 34.020618 
1000
11.881188 9.183674 57.575764 12.371134 
1000
13.000000 26.262627 53.061222 9.900990 
1000
10.101010 13.861386 44.897957 17.171719 
1000
14.141415 19.387756 51.000000 14.999999 
1000
33.673470 19.000000 30.612246 20.202021 
1000
14.285713 14.893617 50.505054 18.367348 
1000
8.000000 12.000000 52.040817 23.232323 
1000
12.500000 18.367348 53.608246 18.367348 
1000
7.070707 13.265306 53.608246 8.421052 
1000
27.722773 38.775509 12.244898 18.367348 
1000
42.268040 25.773195 12.500000 23.711340 
1000
59.183670 30.612246 16.161615 13.402061 
1000
59.595955 12.121212 9.090909 8.000000 
1000
17.171717 14.285715 54.455448 17.171717 
1000
11.458334 11.000000 19.607843 40.404041 
1000
12.371134 19.587629 48.484848 21.212122 
1000
32.323231 33.333336 45.454544 12.371134 
1000
13.131313 23.711340 56.250000 12.371134 
1000
7.216495 6.930693 57.575764 10.101010 
1000
44.444447 20.408163 16.326532 7.291667 
1000
46.938774 16.831684 14.141414 12.000000 
1000
43.434341 21.212122 29.591835 15.306123 
1000
37.373737 25.742575 21.428572 15.151516 
1000
56.565655 14.583334 18.000000 17.525772 
1000
7.142858 11.881188 14.141414 56.565659 
1000
12.244898 27.450981 17.000000 40.816326 
1000
51.020409 12.371134 21.212122 9.278350 
1000
16.666666 19.587629 13.861386 47.422680 
1000
18.367348 15.151516 9.278350 52.040817 
1000
21.212122 23.232325 14.851485 48.000000 
1000
12.121212 15.306123 6.185567 45.918365 
1000
12.244898 22.999998 14.432989 48.979591 
1000
14.736841 16.494844 14.141414 52.525253 
1000
18.811882 14.141414 18.367348 50.000000 
1000
16.326532 16.326530 23.232323 51.020409 
1000
12.244898 56.565659 17.525772 10.309278 
1000
13.131313 62.886597 21.875000 6.185567 
1000
12.121212 47.422680 12.244898 8.163266 
1000
19.791666 51.546391 24.742268 15.151516 
1000
28.000000 18.181818 47.422680 18.811882 
1000
17.346937 46.464645 23.469389 16.326532 
1000
14.141414 50.000000 25.490198 8.247422 
1000
12.244898 52.040817 10.204082 10.204082 
1000
11.224490 10.204082 50.505047 7.291667 
1000
23.958332 52.577316 15.306123 14.851485 
1000
38.144329 21.212122 16.999998 18.000000 
1000
24.242424 40.816326 18.181818 28.865978 
1000
12.121212 11.881188 13.725491 55.445545 
1000
58.000000 9.278350 13.402061 9.278350 
1000
14.141414 8.080808 19.801981 51.546391 
1000
16.326530 13.131313 14.432989 53.000004 
1000
31.313129 16.494844 28.125000 47.422680 
1000
18.556700 15.000001 16.161615 50.000000 
1000
15.841584 9.999999 11.111112 49.494949 
1000
15.306123 10.309278 18.181818 66.666672 
1000
7.692308 11.650485 38.834949 15.384616 
1000
37.000000 28.571426 31.000000 11.340206 
1000
16.161615 49.494949 15.151516 20.000000 
1000
34.343437 26.262627 18.181818 54.639172 
1000
7.142858 10.204082 9.090909 55.670101 
1000
13.131313 13.000000 12.000000 60.999996 
1000
10.101010 32.323231 19.191919 30.000002 
1000
14.141414 13.131313 49.494953 19.191919 
1000
12.371134 19.191919 47.474747 16.161615 
1000
37.113400 31.958761 18.367348 14.432989 
1000
8.910892 10.204082 54.545456 7.000000 
1000
13.684210 10.309278 22.222223 45.833336 
1000
12.121212 14.000000 51.020409 10.204082 
1000
14.141414 23.469387 43.298969 15.306123 
1000
12.371134 51.020409 18.000000 22.680412 
1000
14.000000 16.326530 55.670101 19.387756 
1000
9.183674 19.191919 46.464645 29.591837 
1000
13.861386 11.340206 58.585857 19.387754 
1000
22.448978 9.183674 30.303032 13.265306 
1000
18.367348 18.000000 49.000000 14.285713 
1000
31.000000 42.708332 16.326532 13.265306 
1000
28.282827 58.585857 14.285713 15.151516 
1000
54.455448 7.920792 8.910892 5.000000 
1000
18.181818 48.453609 29.292929 12.121212 
1000
14.285715 33.673470 29.591835 10.309278 
1000
19.587629 39.393936 30.927834 13.265306 
1000
33.980579 13.725491 38.235294 19.801981 
1000
14.000000 14.432989 50.505054 17.525772 
1000
7.142858 15.151516 52.525253 11.340206 
1000
12.121212 30.303028 44.897957 14.285715 
1000
8.163265 19.387754 43.000000 11.000000 
1000
13.265306 42.424244 29.000000 19.387756 
1000
14.000000 41.414143 21.428572 26.530611 
1000
15.151516 17.171719 46.464645 16.494844 
1000
8.163266 54.081631 14.141414 13.265306 
1000
6.060606 56.565659 16.161615 15.306123 
1000
48.000000 8.247422 16.326532 13.131313 
1000
20.202021 30.000002 16.161615 43.434341 
1000
20.618557 15.306123 17.171719 52.525253 
1000
20.202021 48.484848 12.244898 15.151514 
1000
18.811882 7.000000 8.000000 45.544552 
1000
18.181818 50.000000 24.242424 21.212122 
1000
9.183674 23.232325 39.000000 9.090909 
1000
25.510204 29.292929 41.000000 15.151516 
1000
14.999999 30.303032 14.285715 44.444447 
1000
21.428572 12.244898 14.141414 52.999996 
1000
10.204082 49.494949 23.232323 11.000000 
1000
13.402061 56.000000 17.525772 13.000000 
1000
11.111112 46.938774 11.224489 11.224490 
1000
16.494844 47.000000 28.282827 13.265306 
1000
16.666668 19.387754 58.163261 14.141415 
1000
32.653065 37.373737 26.530611 21.212120 
1000
12.000000 51.000000 11.224490 10.101010 
1000
13.541667 54.166664 10.204082 12.500000 
1000
14.141414 50.000000 10.101010 8.163266 
1000
17.171717 50.000000 14.141415 17.525772 
1000
28.125000 40.404041 37.000000 18.181818 
1000
21.428572 47.474747 15.306123 13.000000 
1000
17.821783 8.080808 47.959183 9.090909 
1000
19.387756 15.306123 14.141415 50.505054 
1000
12.000000 10.101010 26.530611 34.693874 
1000
20.408163 14.141415 49.000000 28.282827 
1000
20.202021 17.171717 46.391754 19.587629 
1000
28.712872 16.161615 44.000000 19.000000 
1000
15.306123 13.861386 28.000000 51.000000 
1000
9.090909 18.181818 9.183674 40.404041 
1000
54.081631 15.625000 31.632652 22.222223 
1000
46.000000 14.705883 20.618557 15.306123 
1000
54.166668 14.432989 18.181818 15.463917 
1000
55.999992 7.070707 10.000000 7.070707 
1000
17.346937 51.020409 10.101010 7.920792 
1000
19.387754 48.999996 16.161615 14.141415 
1000
20.833334 47.474747 13.402061 14.000000 
1000
47.000000 28.125000 16.494844 16.000000 
1000
46.464645 11.000000 22.999998 16.000000 
1000
50.000000 9.000000 11.881188 12.371134 
1000
25.773195 36.363636 16.326530 19.387754 
1000
10.309278 52.000000 13.000000 15.000001 
1000
17.346939 53.465347 15.306123 14.141414 
1000
14.285715 43.877556 29.000000 10.204082 
1000
7.291667 14.285715 52.577316 7.216495 
1000
16.000000 52.525253 17.525772 19.387754 
1000
11.000000 48.999996 10.309278 11.578947 
1000
14.285715 18.367348 14.285713 60.999996 
1000
15.841584 45.000000 13.265306 23.711340 
1000
15.306123 55.555557 17.346937 18.000000 
1000
10.101010 11.111112 74.489799 6.060606 
1000
13.265306 14.285715 45.999996 17.525772 
1000
8.910891 14.000000 48.979591 16.666668 
1000
19.000000 13.265306 50.000000 17.171717 
1000
14.285715 37.755100 35.051544 14.141415 
1000
14.285713 17.525772 25.510204 59.999996 
1000
14.432989 10.101010 26.262627 31.000000 
1000
38.000004 9.183674 23.711340 11.340206 
1000
23.711340 45.454548 15.789473 14.000000 
1000
16.000000 28.571426 38.613857 16.326530 
1000
14.000000 31.632656 50.495052 15.306123 
1000
7.216495 22.680412 43.298969 11.111112 
1000
15.151516 56.122444 13.265306 15.151516 
1000
9.090909 33.000000 8.080808 25.510204 
1000
53.000004 17.346939 14.141415 18.367348 
1000
39.393936 16.000000 18.000000 44.791668 
1000
12.000000 30.693069 9.183674 41.666664 
1000
14.285715 13.131313 18.000000 50.000000 
1000
30.107525 37.755100 15.789473 14.999999 
1000
11.224489 46.000000 10.101010 8.080808 
1000
31.632652 25.000000 26.530611 33.000000 
1000
42.857143 15.306123 32.653061 13.131313 
1000
10.891089 12.000000 11.458334 57.575764 
1000
11.111112 13.131313 52.040817 19.387754 
1000
27.551020 10.101010 24.742268 13.000000 
1000
42.857143 15.151514 24.242424 30.612246 
1000
19.000002 44.554455 14.999999 25.252527 
1000
17.346939 45.000000 19.587629 29.292929 
1000
7.070707 11.111112 6.122449 55.102039 
1000
21.428572 15.306123 49.484535 23.157894 
1000
11.000000 16.000000 47.474747 10.101010 
1000
15.151516 21.212122 45.918369 16.831684 
1000
16.999998 32.653065 45.833336 14.141415 
1000
48.958336 15.463917 16.000000 19.791666 
1000
11.111112 12.871287 9.000000 52.525253 
1000
20.408163 16.161615 27.083332 47.959183 
1000
51.515152 9.090909 8.421053 11.111112 
1000
43.298969 35.353535 45.918369 27.272728 
1000
16.326532 23.469389 31.958761 28.282827 
1000
12.871286 8.247422 7.142858 52.999996 
1000
26.262627 16.000000 16.831684 55.102039 
1000
8.000000 8.247422 22.222223 43.877556 
1000
20.000000 22.448978 57.142853 13.131313 
1000
12.000000 17.346939 32.323231 32.323231 
1000
11.340206 42.424244 27.551020 38.383839 
1000
48.453609 9.999999 10.101010 15.151516 
1000
14.141414 26.999998 16.000000 48.000000 
1000
8.080808 8.080808 15.151516 48.484848 
1000
10.169491 44.537815 9.166667 18.333334 
1000
17.647058 29.000000 51.515152 19.387754 
1000
31.632652 26.530611 38.541664 17.346939 
1000
13.131313 29.292929 47.916668 20.202021 
1000
50.000000 7.070707 12.871287 13.131313 
1000
50.505054 13.000000 22.448978 13.402061 
1000
10.101010 12.000000 48.979591 16.161615 
1000
30.612246 14.141414 52.525253 18.367348 
1000
17.525772 15.151516 42.424244 23.711340 
1000
19.387754 17.346937 23.232325 47.959183 
1000
6.250000 5.154639 57.894737 7.216495 
1000
27.272728 18.000000 52.577316 14.000000 
1000
11.578947 44.210526 22.916666 11.224490 
1000
26.000000 39.000000 27.272728 13.265306 
1000
19.791668 37.755100 28.571426 19.387756 
1000
16.999998 43.000000 23.469387 14.000000 
1000
10.309278 25.510204 11.111112 49.484535 
1000
19.191919 12.244898 15.306123 57.000000 
1000
10.309278 7.070707 14.000000 49.000000 
1000
19.387754 17.346939 16.494844 53.535355 
1000
19.191919 26.262627 14.141414 41.237114 
1000
23.000000 34.285717 24.242424 25.742575 
1000
10.101010 43.298969 25.773195 11.224489 
1000
15.625000 52.525253 17.821783 10.309278 
1000
9.090909 32.323231 37.755100 8.163265 
1000
15.151516 16.326530 47.422680 15.306123 
1000
12.244898 51.515152 32.323231 19.607843 
1000
13.402061 53.535355 16.326530 15.306123 
1000
19.387756 51.020409 11.111111 9.000000 
1000
11.458333 49.494949 14.285715 20.618557 
1000
8.000000 42.000000 21.782177 15.151514 
1000
16.000002 48.000000 22.772278 33.000000 
1000
16.000000 47.000000 12.244898 12.000000 
1000
14.432989 57.142853 16.494844 21.428572 
1000
8.080808 12.121212 56.565659 8.080808 
1000
15.151514 35.416668 35.294117 17.171717 
1000
8.080808 30.000002 17.346939 24.242424 
1000
11.224490 17.346939 29.896906 51.020409 
1000
47.959183 16.161615 19.387756 18.750000 
1000
52.577316 14.000000 16.326530 18.181818 
1000
50.505054 6.315789 12.121212 12.244898 
1000
10.101010 52.525253 12.121212 14.285715 
1000
12.000000 42.000000 27.272724 16.666666 
1000
16.326530 43.564354 21.000000 12.121212 
1000
17.171719 42.857143 30.303032 16.000000 
1000
15.306123 57.731956 15.463917 11.224490 
1000
7.920792 49.504951 12.121212 21.212122 
1000
13.265306 46.464645 15.841584 14.432989 
1000
10.101010 49.494949 11.111112 12.000000 
1000
57.731956 28.000000 42.268040 23.469387 
1000
19.387756 26.213593 38.383839 14.285715 
1000
54.081631 14.736841 13.131313 26.530611 
1000
50.000000 6.185567 11.340206 9.183674 
1000
13.265306 44.444447 11.000000 12.244898 
1000
22.772276 30.927834 24.242424 22.000000 
1000
22.222223 41.414143 18.367348 14.285715 
1000
22.680412 53.465347 21.428572 21.428572 
1000
10.000000 50.000000 12.371134 8.000000 
1000
13.541667 48.484848 18.000000 10.309278 
1000
22.000000 28.712872 28.282829 11.000000 
1000
15.151516 12.371134 40.206184 24.489796 
1000
14.285713 17.708332 29.591835 48.484848 
1000
13.131313 14.999999 19.387756 55.208332 
1000
18.000000 6.122449 46.938774 8.421052 
1000
48.979591 14.705883 14.999999 20.202021 
1000
35.714287 12.371134 25.510204 14.141415 
1000
30.612246 15.306123 20.618557 43.877552 
1000
52.999996 17.171719 16.161615 21.212120 
1000
13.131313 24.742268 11.224489 51.546391 
1000
11.340206 61.855667 7.142858 6.122449 
1000
15.151516 18.181818 12.000000 47.474747 
1000
13.131313 9.900990 25.773195 39.393940 
1000
44.329895 10.309278 31.632652 16.494844 
1000
15.151516 54.000004 15.306123 15.000001 
1000
11.224489 57.575756 11.340206 13.402061 
1000
12.000000 55.999992 12.244898 18.181818 
1000
11.224490 51.515152 14.141415 13.402061 
1000
18.811882 48.484848 19.191919 18.181818 
1000
17.346939 52.525253 21.568628 14.432989 
1000
16.161615 29.292929 45.833336 14.999999 
1000
14.000000 53.535355 13.131313 7.070707 
1000
13.265306 54.545456 26.041666 13.000000 
1000
12.244898 18.367348 11.340206 41.237114 
1000
17.171717 15.306123 14.141414 53.465347 
1000
20.833332 17.346939 17.346939 53.535355 
1000
15.151516 31.000000 13.265306 44.000000 
1000
20.408163 13.000000 47.959183 25.252523 
1000
13.265306 59.183674 13.131313 18.367348 
1000
11.000000 41.836731 19.191919 18.367348 
1000
34.653465 19.607843 16.161615 42.156864 
1000
40.816326 23.232323 26.530611 13.402061 
1000
61.458332 27.272728 14.432989 11.340206 
1000
19.191919 38.775509 19.191917 9.000000 
1000
13.402061 49.494949 17.000000 23.469389 
1000
11.000000 34.020618 10.000000 29.292929 
1000
18.181818 49.504951 16.000000 18.367348 
1000
17.757010 31.428572 23.076923 34.259258 
1000
7.000000 24.752476 33.009708 18.811880 
1000
13.000000 47.959183 14.141415 34.693878 
1000
30.208332 7.142858 28.282827 10.101010 
1000
21.782177 13.861386 47.474747 13.000000 
1000
37.755100 15.625000 44.897957 20.408163 
1000
19.000000 15.463917 55.102039 16.161615 
1000
8.080808 11.340206 57.000000 10.891088 
1000
18.947369 17.525772 13.541666 60.204079 
1000
8.333333 10.204082 7.142858 53.999996 
1000
16.000000 27.551020 17.000000 50.000000 
1000
41.000000 18.367348 14.141415 24.489796 
1000
62.626259 26.732674 23.232323 27.368420 
1000
62.626266 10.416666 8.080808 12.871286 
1000
12.121212 13.131313 61.855667 11.340206 
1000
9.900990 31.632656 46.875000 12.000000 
1000
15.306123 12.244898 15.463917 54.455448 
1000
16.161615 18.181818 17.171717 53.608246 
1000
57.142853 18.556700 16.831684 15.625000 
1000
48.979591 11.224490 10.416667 9.000000 
1000
9.090909 51.546391 19.387756 11.111112 
1000
17.346939 57.142853 15.151516 14.432989 
1000
21.000000 49.484535 14.432989 15.151516 
1000
43.298969 20.000000 26.000000 16.000000 
1000
58.762886 13.265306 17.821783 13.131313 
1000
26.213593 45.544552 16.000002 10.891088 
1000
14.285713 11.224489 51.515152 13.131313 
1000
9.183674 11.111111 51.020409 10.204082 
1000
18.750000 16.831684 52.000000 12.121212 
1000
18.556700 44.210526 13.829787 25.510204 
1000
35.353535 35.051544 23.711340 15.151516 
1000
49.494949 9.090909 11.224490 10.000000 
1000
52.000000 11.881188 18.000000 11.224490 
1000
38.383839 12.371134 26.804123 16.161615 
1000
21.782179 45.000000 18.181818 15.463917 
1000
23.469387 53.535355 13.131313 18.000000 
1000
25.510204 43.877556 14.000000 8.163265 
1000
13.000000 52.631580 11.000000 9.090909 
1000
10.309278 50.000000 10.000000 9.183674 
1000
14.705883 48.000000 18.556700 21.649485 
1000
17.000000 53.125000 19.587629 26.999998 
1000
14.432989 19.387754 54.081631 12.121212 
1000
10.101010 52.577316 7.070707 4.040404 
1000
48.484848 17.171719 14.285713 20.408163 
1000
45.999996 12.121212 13.000000 13.131313 
1000
46.078430 23.762375 14.705883 17.475729 
1000
20.408163 47.959183 26.530611 15.306123 
1000
12.121212 50.000000 10.000000 8.910892 
1000
18.556700 55.102039 16.000000 13.402061 
1000
8.080808 48.484848 11.000000 10.101010 
1000
30.303028 46.534653 22.772278 8.000000 
1000
47.422680 21.875000 15.625000 11.578947 
1000
56.565655 25.510204 16.666666 12.371134 
1000
52.000000 7.070707 13.265306 9.000000 
1000
60.416664 12.244898 15.841585 12.121212 
1000
28.282827 6.000000 32.653061 17.525772 
1000
30.612246 34.375000 22.448978 14.285715 
1000
50.000000 20.000000 19.999998 15.463917 
1000
27.551020 15.463917 14.285713 46.464645 
1000
8.163265 14.000000 7.142858 54.081631 
1000
11.111112 24.000000 11.111112 52.525253 
1000
7.216495 10.416666 11.224490 52.040817 
1000
15.841584 19.000000 19.000000 57.731956 
1000
13.265306 15.463917 31.313129 40.404041 
1000
12.244898 15.306123 46.938778 24.242424 
1000
25.000000 8.247422 51.515152 13.131313 
1000
18.000000 15.000001 48.484848 13.402061 
1000
10.101010 8.000000 45.918365 10.101010 
1000
18.556700 18.181818 14.999999 42.999996 
1000
48.484848 19.191917 13.265306 17.708334 
1000
60.824741 16.000000 15.306123 23.711340 
1000
60.000004 11.224490 9.090909 8.080808 
1000
21.428572 21.000000 55.670101 19.000000 
1000
25.252523 49.504951 17.346937 17.525772 
1000
16.161615 38.775509 25.252523 20.202021 
1000
37.000000 14.285713 39.583332 26.315790 
1000
11.224489 8.163265 57.894737 10.204082 
1000
11.224490 11.881188 54.545456 11.111112 
1000
10.204082 32.000004 21.649485 23.469389 
1000
19.191917 51.546391 14.285715 18.556700 
1000
17.346939 51.000000 14.285713 27.083332 
1000
13.131313 56.000000 14.285715 17.346939 
1000
9.000000 48.979591 12.121212 11.340206 
1000
14.285715 16.831684 17.000000 52.040817 
1000
7.070707 8.421053 11.111112 51.020409 
1000
25.252527 31.313129 18.181818 27.272724 
1000
11.224490 48.000000 26.262627 17.000000 
1000
16.326530 24.742268 50.000000 13.265306 
1000
7.070707 50.000000 7.142858 11.224490 
1000
11.881188 22.549019 40.404041 13.000000 
1000
14.432989 21.875000 48.453609 15.306123 
1000
25.000000 14.141415 44.791668 9.183674 
1000
11.111112 40.594059 18.750000 32.323231 
1000
10.204082 9.803922 14.141414 56.701027 
1000
10.101010 9.183674 10.204082 58.999996 
1000
33.673470 26.999998 13.131313 18.367348 
1000
18.181818 11.224490 23.762377 44.554455 
1000
16.161615 43.750000 23.232323 12.371134 
1000
40.816326 25.773195 17.000000 18.181818 
1000
11.224489 9.183674 10.309278 51.546391 
1000
36.363636 22.448978 13.131313 36.734695 
1000
16.161615 10.101010 9.999999 42.857140 
1000
10.204082 23.232325 17.525772 50.515461 
1000
24.489796 14.432989 17.171717 47.916668 
1000
12.871287 18.000000 15.151516 54.999996 
1000
10.309278 9.090909 26.530611 53.061222 
1000
14.141414 41.237114 34.343433 12.371134 
1000
10.416666 28.571426 14.432989 26.530611 
1000
17.171719 49.000000 15.151516 14.285713 
1000
17.525772 11.458333 37.373737 28.865978 
1000
29.292929 11.224489 15.306123 58.163261 
1000
9.090909 40.816326 23.958332 9.000000 
1000
18.556700 22.448978 53.999996 15.306123 
1000
39.393940 9.090909 9.999999 22.222223 
1000
23.000000 10.101010 17.346939 45.833332 
1000
28.282829 14.432989 29.896906 45.360825 
1000
18.000000 12.371134 53.535355 17.525772 
1000
9.000000 8.080808 56.701027 6.315789 
1000
14.141415 13.000000 22.222223 48.979591 
1000
9.999999 17.346939 36.363636 9.090909 
1000
25.252527 35.714283 28.865978 16.326530 
1000
17.171717 50.505047 17.525772 13.265306 
1000
16.494844 47.959183 22.105263 13.402061 
1000
9.090909 52.040817 14.285713 9.278350 
1000
14.141415 12.871287 61.224483 15.000001 
1000
11.111112 11.111112 45.360825 20.618557 
1000
16.494844 46.464649 18.367348 16.161615 
1000
14.285715 50.505047 15.463917 17.346939 
1000
16.000000 55.999992 17.708334 17.708332 
1000
6.930693 41.237114 23.469389 14.000000 
1000
12.244898 44.554455 14.999999 28.125000 
1000
8.000000 18.367348 22.222223 31.632652 
1000
20.202021 51.546391 29.473682 21.052631 
1000
14.000000 55.208336 35.353535 17.346939 
1000
7.000000 52.040817 13.402061 10.204082 
1000
17.525772 48.484848 20.212765 24.489796 
1000
12.121212 46.938774 12.244898 13.402061 
1000
16.326530 17.171717 18.367348 47.959183 
1000
22.448978 14.285715 16.326532 51.515152 
1000
19.191917 12.121212 15.789473 56.701027 
1000
11.111112 21.276596 11.224489 55.789478 
1000
10.204082 15.151516 15.306123 57.894737 
1000
6.122449 13.265306 11.000000 50.000000 
1000
14.851485 14.432989 15.841584 55.208332 
1000
15.625000 38.144329 13.541667 25.000000 
1000
30.303032 14.000000 17.346939 57.142853 
1000
13.000000 9.090909 11.224489 54.999996 
1000
12.000000 32.323231 11.224489 38.947369 
1000
9.090909 18.811882 14.285715 41.414143 
1000
14.141414 11.111112 27.272724 43.877552 
1000
17.171717 14.999999 52.040817 30.303032 
1000
11.224489 16.161615 56.989246 17.525772 
1000
11.881187 4.166667 54.545448 7.216495 
1000
14.736841 14.851485 13.402061 56.435646 
1000
12.121212 9.090909 24.000000 35.416664 
1000
28.125000 34.020618 26.804123 19.587629 
1000
15.306123 22.222223 46.391754 14.000000 
1000
21.212122 16.831684 49.484535 12.244898 
1000
13.265306 6.250000 53.999996 6.122449 
1000
18.181818 10.204082 28.571426 44.000000 
1000
19.191919 13.402061 11.111112 41.414143 
1000
15.306123 17.346939 40.404041 19.000002 
1000
14.432989 36.000000 31.313129 11.224490 
1000
42.857140 22.448980 18.181818 13.265306 
1000
8.163266 31.313129 29.896906 6.060606 
1000
27.835051 11.458334 54.736839 11.111112 
1000
12.871286 18.811880 39.999996 7.070707 
1000
15.789473 30.612246 37.373741 12.371134 
1000
19.607843 47.959183 23.469389 16.831684 
1000
4.716981 17.924530 12.149533 35.514019 
1000
23.000000 16.326530 29.166666 46.464645 
1000
18.811882 11.111112 11.881188 46.938774 
1000
16.494844 13.000000 14.141414 51.000000 
1000
15.000001 50.000000 17.000000 12.371134 
1000
28.571426 36.734695 15.463917 14.432989 
1000
29.702971 11.340206 17.525772 50.000000 
1000
8.000000 12.000000 51.020409 11.000000 
1000
14.999999 14.000000 22.549019 47.916664 
1000
21.649485 11.111112 11.340206 31.313129 
1000
48.979591 17.000000 14.432989 18.367348 
1000
28.571426 14.285715 40.206184 24.489796 
1000
11.340206 13.265306 55.102039 14.999999 
1000
6.930693 8.910892 48.000000 7.070707 
1000
10.000000 12.745099 11.000000 58.163261 
1000
11.224489 15.625000 12.371134 55.102039 
1000
11.965812 24.137932 34.482758 19.130434 
1000
14.285713 30.303028 41.414143 14.432989 
1000
8.163266 22.448980 43.298969 4.081633 
1000
14.999999 16.161615 10.000000 46.534653 
1000
12.500000 30.612246 9.278350 34.693874 
1000
22.000000 31.250000 27.835051 27.835051 
1000
28.865978 14.999999 28.712872 29.591835 
1000
22.000000 18.367348 58.000000 33.333336 
1000
16.666668 12.371134 57.142853 9.278350 
1000
7.070707 8.247422 47.474747 12.121212 
1000
18.811882 15.151516 51.020409 24.242424 
1000
16.326532 25.510204 37.113400 17.525772 
1000
18.181818 11.340206 51.515152 14.000000 
1000
10.101010 12.244898 53.608246 11.111112 
1000
9.000000 6.122449 58.947372 3.061224 
1000
16.326530 49.000000 25.742575 11.111112 
1000
25.252523 29.896906 33.333336 16.999998 
1000
13.131313 15.151516 52.999996 10.204082 
1000
8.163266 51.020409 18.556700 9.000000 
1000
8.163266 47.000000 11.111112 8.163266 
1000
26.262627 48.484848 16.666668 14.141414 
1000
20.408163 13.131313 24.242424 37.113400 
1000
15.306123 14.285715 17.525772 49.494953 
1000
11.000000 11.111111 10.204082 45.918365 
1000
8.910892 11.111112 10.204082 50.505047 
1000
13.402061 24.000000 20.000000 50.000000 
1000
13.402061 17.346937 16.326530 47.000000 
1000
14.000000 11.458334 18.367348 56.250000 
1000
11.881188 5.000000 24.242424 41.836735 
1000
18.181818 13.131313 10.309278 50.000000 
1000
21.649485 14.285715 16.000000 47.422680 
1000
22.222223 15.306123 15.306123 46.391754 
1000
17.346939 53.608246 16.326530 14.432989 
1000
15.306123 56.701027 12.121212 12.121212 
1000
20.000000 55.208332 11.224489 6.185566 
1000
12.121212 48.484848 10.204082 9.900990 
1000
14.141414 34.653465 16.666668 26.213593 
1000
19.000000 14.141415 20.408163 50.000000 
1000
12.121212 7.070707 8.333334 49.494949 
1000
8.910892 15.151516 11.000000 51.020409 
1000
13.131313 22.448978 29.292929 39.000000 
1000
13.131313 18.556700 48.979591 12.244898 
1000
28.571426 37.755100 16.494844 20.202021 
1000
12.121212 52.999996 17.525772 11.224489 
1000
8.000000 61.224491 10.309278 7.070707 
1000
13.000000 53.061222 13.131313 12.000000 
1000
13.131313 36.000000 31.313133 9.183674 
1000
16.000000 25.510204 52.577316 13.265306 
1000
18.556700 27.835051 39.795918 13.265306 
1000
12.121212 49.504951 13.000000 8.000000 
1000
13.000000 35.353535 43.298969 8.333334 
1000
8.000000 10.101010 33.673470 23.000000 
1000
14.000000 17.000000 19.587629 48.979591 
1000
11.111112 14.141415 16.326532 48.453609 
1000
5.154639 12.371134 20.202021 52.000000 
1000
13.131313 20.000000 13.131313 48.484848 
1000
7.000000 20.202021 9.278350 34.020618 
1000
16.161615 41.836735 22.680412 17.171717 
1000
11.111112 22.448978 25.252523 33.673470 
1000
8.163265 13.000000 19.587629 51.041668 
1000
14.141414 20.408163 18.811880 42.268040 
1000
14.999999 12.244898 56.250000 15.841584 
1000
10.204082 15.306123 34.020618 28.865978 
1000
45.360825 19.000000 15.625000 17.000000 
1000
17.171717 36.082474 45.454544 15.306123 
1000
12.121212 60.606064 19.587629 12.121212 
1000
14.141414 51.546391 24.242424 12.500000 
1000
45.999996 16.000000 17.346939 11.224490 
1000
46.938774 18.556700 15.463917 13.131313 
1000
48.000000 19.191919 18.367348 14.432989 
1000
42.857143 14.285713 15.178572 24.545456 
1000
13.131313 16.326530 21.276596 39.795918 
1000
9.000000 14.583334 20.202021 47.000000 
1000
11.111112 13.265306 11.000000 61.855667 
1000
7.000000 38.383839 11.340205 31.313129 
1000
17.000000 23.958332 39.795921 12.371134 
1000
17.307693 17.592594 46.153847 18.095238 
1000
13.592233 47.115383 14.285715 15.238096 
1000
15.000001 11.340206 57.000000 13.265306 
1000
10.309278 9.000000 68.421051 7.142858 
1000
18.000000 12.871287 43.877552 10.000000 
1000
11.111112 51.612900 15.957446 13.265306 
1000
24.489796 36.633663 23.232323 16.326530 
1000
53.608246 15.306123 16.000000 15.306123 
1000
18.367348 51.578949 8.421053 9.183674 
1000
48.958332 18.556700 13.402061 10.309278 
1000
31.313133 9.999999 28.571426 8.080808 
1000
15.151516 46.938778 18.181818 14.583333 
1000
53.999996 15.686275 17.000000 15.306123 
1000
53.535355 14.432989 18.556700 24.489796 
1000
50.000000 10.204082 9.000000 8.163265 
1000
52.040817 14.285713 12.371134 11.111112 
1000
22.680412 40.816326 13.000000 14.432989 
1000
19.191919 12.371134 47.422680 21.052631 
1000
28.865978 15.000001 41.836735 27.835051 
1000
21.428572 14.141415 44.329895 12.121212 
1000
4.000000 55.102039 12.121212 8.000000 
1000
9.734513 37.500000 12.280701 6.250000 
1000
11.224489 54.545456 16.494844 16.161615 
1000
16.326530 19.791668 44.444447 30.526316 
1000
13.861386 20.202021 56.862747 14.285713 
1000
14.432989 18.000000 53.061222 11.111112 
1000
8.333334 31.313133 30.000002 8.080808 
1000
9.090909 47.422680 21.428572 6.122449 
1000
18.000000 49.514561 20.000000 14.141415 
1000
11.224490 19.791668 48.421055 13.000000 
1000
13.000000 25.252523 32.323231 42.424244 
1000
39.393940 12.371134 17.525772 24.489796 
1000
55.670101 9.900990 9.183674 13.131313 
1000
50.000000 11.111112 10.101010 28.000000 
1000
36.734695 13.402061 24.489796 15.463917 
1000
13.131313 36.000000 27.835051 17.000000 
1000
23.232323 21.875000 23.711340 30.000002 
1000
57.575764 14.141414 12.244898 13.131313 
1000
50.000000 22.448980 8.080808 9.090909 
1000
11.000000 16.161615 45.000000 17.000000 
1000
24.242424 12.500000 38.775509 12.244898 
1000
9.090909 16.000000 54.081631 12.500000 
1000
32.653061 21.000000 43.000000 15.463917 
1000
17.171717 22.448978 61.224491 13.265306 
1000
10.204082 6.122449 62.500000 7.216495 
1000
9.900990 9.000000 17.525772 41.000000 
1000
15.306123 14.141414 27.551020 49.494949 
1000
17.346939 16.161615 17.708332 47.000000 
1000
16.000002 19.387754 27.083334 48.484848 
1000
59.183674 12.121212 9.900990 12.244898 
1000
34.020618 28.125000 41.414143 28.865978 
1000
13.000000 38.000004 24.489796 20.212767 
1000
17.171719 49.494953 18.367348 13.131313 
1000
22.448980 31.250000 28.571426 21.875000 
1000
12.371134 53.535355 20.202021 14.999999 
1000
13.725491 52.000000 11.000000 6.122449 
1000
11.224489 22.680412 45.833336 17.525772 
1000
8.163266 9.183674 17.525772 41.414143 
1000
14.285715 53.999996 25.773195 16.161615 
1000
42.424244 8.247422 29.292929 13.000000 
1000
15.306123 15.151516 52.525253 13.131313 
1000
9.090909 42.268040 27.835051 8.333334 
1000
12.121212 53.465347 26.530611 12.000000 
1000
11.000000 47.474747 12.121212 12.244898 
1000
14.141415 29.000000 21.649485 39.175259 
1000
17.171719 17.346937 19.387754 53.535355 
1000
10.101010 14.285715 24.000000 60.204082 
1000
8.000000 17.171719 41.237114 20.618557 
1000
13.000000 37.000000 26.530611 14.999999 
1000
7.216495 37.373737 11.111112 24.742268 
1000
14.999999 42.000000 19.387756 22.448980 
1000
16.161615 26.804123 15.306123 38.383839 
1000
9.183674 11.111112 58.163261 2.061856 
1000
13.000000 16.326530 54.545448 23.232323 
1000
7.070707 12.121212 10.000000 51.020409 
1000
14.432989 22.448978 31.632652 21.428572 
1000
19.587629 15.306123 17.821783 48.000000 
1000
44.444447 17.171717 24.242424 21.428572 
1000
9.999999 9.999999 53.535355 9.000000 
1000
8.000000 47.422680 17.821781 22.222223 
1000
7.000000 15.841584 8.163266 43.137257 
1000
33.673470 20.408163 17.647058 24.742268 
1000
39.795918 39.795918 13.402061 11.224490 
1000
19.387756 46.464645 19.191919 20.000000 
1000
11.881188 50.505047 10.101010 5.050505 
1000
15.306123 59.000004 17.171717 11.340206 
1000
9.090909 7.142858 13.265306 49.494949 
1000
16.161615 14.141414 18.367348 49.484535 
1000
24.752476 14.851485 15.533980 50.505047 
1000
14.851485 22.680412 15.306123 59.595959 
1000
48.999996 8.000000 9.090909 9.090909 
1000
13.131313 61.855667 17.000000 14.583334 
1000
7.000000 22.000000 9.183674 41.000000 
1000
28.865978 29.591837 15.625000 36.734695 
1000
21.212122 15.306123 18.367348 36.363636 
1000
18.000000 31.067961 32.653061 13.861386 
1000
9.090909 12.121212 18.811882 43.434341 
1000
31.313129 24.242424 11.000000 39.795918 
1000
46.464649 9.090909 9.183674 13.265306 
1000
42.156864 13.265306 22.448978 13.402061 
1000
16.494844 16.000000 52.000000 16.161615 
1000
15.625000 32.291664 28.571426 13.684210 
1000
21.000000 13.000000 48.999996 9.999999 
1000
17.708334 14.432989 50.505054 19.999998 
1000
30.000002 14.141414 7.070707 21.649485 
1000
13.131313 19.999998 13.265306 49.494953 
1000
17.171717 9.375000 45.999996 30.208332 
1000
8.163265 9.999999 52.525253 23.711340 
1000
42.000000 22.000000 14.851485 8.247422 
1000
48.979591 14.285715 18.556700 13.265306 
1000
46.464645 23.232323 21.212120 20.000000 
1000
29.000002 41.414143 20.408163 16.326530 
1000
14.432989 21.212122 26.262627 41.414143 
1000
15.463917 57.731956 13.861386 14.141414 
1000
18.181818 11.000000 43.157894 7.000000 
1000
17.171717 18.181818 51.515152 13.402061 
1000
9.183674 32.000000 29.000000 9.183674 
1000
16.326530 24.742268 49.484535 13.402061 
1000
16.161615 17.708332 37.113400 30.612246 
1000
6.603774 6.730770 7.476635 47.706421 
1000
14.000000 13.131313 13.000000 58.585857 
1000
14.141415 51.020409 14.999999 21.212122 
1000
8.823529 26.732672 7.070707 34.653465 
1000
22.448978 21.212122 15.306123 47.959183 
1000
8.256880 7.339449 19.266056 32.110092 
1000
15.306123 11.224490 18.181818 54.545456 
1000
53.999996 11.111111 16.000000 15.151516 
1000
39.175259 9.090909 20.000000 20.202021 
1000
14.432989 14.285715 15.463917 49.484535 
1000
15.000001 34.343433 37.755100 13.131313 
1000
14.285715 25.000000 50.515461 11.224490 
1000
56.701027 9.999999 8.163266 6.185567 
1000
18.181818 15.151516 10.891088 42.424240 
1000
20.408163 23.000000 32.000000 22.000000 
1000
19.387756 14.141415 38.541668 26.530611 
1000
32.653061 12.121212 45.454544 15.306123 
1000
49.484535 16.000000 19.587629 13.131313 
1000
33.000000 8.080808 20.408163 25.252523 
1000
8.080808 40.594059 18.181818 10.204082 
1000
14.000000 40.816326 17.346937 24.242424 
1000
17.346939 54.999996 16.000000 16.326530 
1000
49.494953 9.090909 19.587629 10.101010 
1000
67.010307 11.111112 14.141415 6.122449 
1000
48.484848 11.224489 9.090909 8.247422 
1000
11.818182 16.363636 20.535715 41.441441 
1000
19.191919 21.428572 18.181818 54.081631 
1000
48.000000 12.121212 14.000000 24.000000 
1000
20.408163 54.545456 9.900990 9.183674 
1000
17.171719 48.453609 13.402061 15.841585 
1000
19.387754 32.653061 5.154639 27.272728 
1000
17.000000 18.000000 52.999996 14.000000 
1000
13.402061 37.000000 34.020618 19.387754 
1000
13.265306 21.428572 25.252527 46.464649 
1000
11.111112 15.841584 6.250000 54.736847 
1000
12.871286 16.494844 17.346939 53.061222 
1000
10.204082 12.244898 11.224490 53.061222 
1000
16.999998 48.484848 17.346937 18.181818 
1000
27.368420 46.875000 14.285715 13.402061 
1000
55.882359 16.326530 13.000000 11.881188 
1000
58.762886 11.111111 10.204082 10.101010 
1000
8.247422 11.111112 52.040817 10.101010 
1000
43.298969 14.285715 27.272728 14.583334 
1000
20.408163 17.708334 36.734695 35.714283 
1000
16.494844 15.000001 13.131313 53.999996 
1000
17.346939 9.183674 42.857143 14.999999 
1000
15.841585 14.141415 15.306123 57.575764 
1000
16.326532 37.373741 10.204082 11.224490 
1000
14.141414 53.061222 30.303032 14.141414 
1000
33.000000 14.432989 19.191919 33.333332 
1000
23.232323 44.329895 16.666668 13.000000 
1000
16.326530 14.285713 22.222223 46.938774 
1000
9.999999 48.484848 16.161615 8.333334 
1000
12.244898 50.000000 23.958334 10.204082 
1000
14.000000 43.877556 21.000000 15.625000 
1000
19.387754 51.515152 14.583333 18.556700 
1000
14.851485 58.762886 12.000000 11.578947 
1000
11.111112 55.670101 7.216495 8.163266 
1000
15.306123 28.282827 14.705883 41.836731 
1000
51.546391 18.367348 14.285715 15.306123 
1000
21.000000 18.556700 14.000000 43.877552 
1000
19.191919 42.857143 14.285715 24.242424 
1000
18.181818 41.414143 7.070707 13.000000 
1000
11.881187 31.250000 25.510204 19.587629 
1000
12.000000 17.346939 36.734695 32.653061 
1000
42.424244 14.141414 25.252523 19.387754 
1000
37.254902 25.510204 19.417475 15.841584 
1000
10.309278 57.000000 15.306123 14.141414 
1000
7.142858 55.789478 19.387754 6.060606 
1000
11.000000 31.958761 19.000000 25.742573 
1000
14.285713 38.383839 22.916668 9.090909 
1000
15.151516 20.618557 34.000000 30.303028 
1000
15.306123 42.857143 14.141414 23.469389 
1000
51.000000 8.000000 20.833332 10.101010 
1000
15.306123 11.458334 56.122444 11.000000 
1000
15.151514 10.101010 41.000000 19.587629 
1000
14.000000 26.732674 16.494844 51.020409 
1000
26.804123 31.632652 25.510204 13.541667 
1000
10.204082 55.670101 22.222223 15.151516 
1000
13.000000 45.360825 22.680412 9.000000 
1000
6.122449 19.191917 10.101010 44.444447 
1000
13.000000 29.591837 25.000000 34.000000 
1000
48.979591 11.111112 22.999998 15.625000 
1000
50.505054 16.000000 18.367348 26.262627 
1000
11.340206 49.000000 22.448980 12.121212 
1000
12.371134 48.999996 15.151516 11.111112 
1000
16.999998 50.505054 14.000000 11.881188 
1000
11.224490 50.505047 14.432989 9.183674 
1000
14.432989 50.505047 12.121212 29.292929 
1000
18.181818 49.000000 18.181818 16.161615 
1000
8.080808 47.916668 6.122449 22.772276 
1000
19.387754 41.836731 15.306123 32.653061 
1000
11.224489 7.142858 10.309278 54.081631 
1000
25.000000 49.056606 16.190477 11.428572 
1000
21.782177 15.306123 18.181818 44.329895 
1000
15.463917 31.313129 36.000000 14.141414 
1000
9.708738 42.574257 19.801981 10.101010 
1000
19.587629 50.000000 12.371134 14.141415 
1000
22.222223 43.000000 8.163265 12.244898 
1000
51.020409 16.000000 17.647058 14.285715 
1000
39.000000 16.831682 26.999998 13.725491 
1000
54.639172 12.500000 10.416666 16.161615 
1000
7.000000 9.900990 9.375000 57.731956 
1000
12.000000 46.938774 12.871287 26.530611 
1000
9.090909 25.252523 16.999998 29.000000 
1000
13.131313 53.061222 17.708332 13.402061 
1000
23.232323 17.346939 16.326532 44.791664 
1000
8.163266 9.999999 7.216495 59.595959 
1000
14.705883 20.000000 53.921570 17.821783 
1000
49.494949 13.402061 11.000000 12.500000 
1000
64.583336 29.292929 26.999998 31.313133 
1000
37.755100 18.367348 25.510204 22.680412 
1000
44.791668 14.141414 29.292929 14.432989 
1000
25.000000 25.252527 34.653465 7.000000 
1000
19.791666 14.583334 13.684210 52.525253 
1000
9.000000 15.151516 22.222223 26.530611 
1000
42.708332 29.591835 14.000000 12.244898 
1000
19.801981 12.371134 45.918369 22.999998 
1000
24.489796 12.371134 11.340206 56.122444 
1000
21.649485 35.714287 20.408163 9.090909 
1000
52.000000 13.131313 17.000000 14.000000 
1000
10.000000 31.958761 9.183674 23.157894 
1000
17.000000 18.811882 19.387756 47.474747 
1000
12.121212 16.161615 48.484848 25.000000 
1000
17.171719 18.000000 52.577316 12.000000 
1000
8.247422 10.101010 6.122449 48.979591 
1000
13.265306 12.000000 8.080808 50.000000 
1000
16.000000 14.999999 11.224490 49.019608 
1000
26.262627 16.494844 23.711340 41.836731 
1000
11.000000 8.000000 50.515461 12.500000 
1000
16.161615 14.999999 50.505047 18.367348 
1000
9.278350 15.000001 34.343433 16.161615 
1000
52.525253 13.131313 15.306123 16.326532 
1000
25.252523 15.000001 53.608246 14.432989 
1000
17.171717 11.458333 52.083336 14.432989 
1000
11.111112 8.988764 56.179775 9.999999 
1000
11.881188 10.204082 30.000002 25.510204 
1000
26.804123 18.181818 16.000000 44.329895 
1000
57.142853 11.111112 18.367348 23.232323 
1000
10.101010 44.444447 10.784314 15.151514 
1000
9.345794 13.207547 37.383179 10.280374 
1000
15.151514 12.121212 45.918369 21.212122 
1000
17.821783 45.918365 13.000000 26.000000 
1000
11.224489 56.122444 21.875000 15.463917 
1000
5.263158 20.300753 32.089554 6.060606 
1000
14.141414 25.000000 18.181818 48.453609 
1000
10.891088 10.000000 6.250000 50.000000 
1000
13.000000 15.151516 35.643562 38.144329 
1000
13.541667 20.408163 51.020409 25.510204 
1000
14.999999 14.705883 27.835051 52.040817 
1000
7.070707 12.371134 47.474747 10.204082 
1000
15.306123 19.000000 63.265305 11.881188 
1000
32.653061 13.000000 22.000000 15.841584 
1000
35.353535 17.171717 31.313129 23.157894 
1000
31.313129 13.265306 41.836731 19.191919 
1000
31.632652 13.131313 39.583336 16.161615 
1000
8.163265 8.247422 56.701027 8.163265 
1000
8.910892 8.910892 48.000000 7.766990 
1000
15.306123 20.408163 26.732674 52.525253 
1000
16.326530 8.163266 9.278350 40.404041 
1000
53.535355 13.861386 17.171717 15.151514 
1000
8.910891 44.444447 12.000000 18.556700 
1000
13.265306 55.555557 29.591837 11.111112 
1000
47.474747 22.680412 12.371134 13.402061 
1000
53.191490 18.000000 15.463917 15.306123 
1000
51.515152 5.000000 9.900990 4.040404 
1000
37.113400 37.373741 9.278350 10.309278 
1000
23.762377 26.530611 23.232325 43.000000 
1000
21.212120 15.151516 20.408163 54.545448 
1000
13.265306 58.000004 16.161615 11.111112 
1000
20.408163 57.142853 18.367348 30.927834 
1000
21.782177 30.392159 19.607843 15.151516 
1000
28.571430 11.111111 29.591835 19.387754 
1000
17.346937 18.367348 50.526314 32.291668 
1000
23.232323 18.181818 42.268040 15.789473 
1000
55.670101 11.224489 14.999999 8.163265 
1000
51.020409 13.131313 15.151514 10.309278 
1000
11.881188 13.131313 55.789478 9.183674 
1000
51.546391 17.525772 23.711340 16.326530 
1000
48.979591 16.831682 18.181818 15.306123 
1000
14.999999 15.625000 48.979591 24.489796 
1000
12.121212 59.375000 11.000000 12.000000 
1000
10.204082 56.122444 7.291667 27.083332 
1000
19.387756 39.000000 21.212122 12.121212 
1000
15.686275 52.525253 15.000001 15.463917 
1000
17.525772 51.515152 20.792080 13.265306 
1000
22.448978 57.291668 15.000001 14.141415 
1000
17.821783 13.725491 10.204082 70.000008 
1000
15.151516 57.575764 10.101010 14.583333 
1000
10.101010 41.666664 19.801981 9.000000 
1000
28.125000 19.191919 12.244898 44.329895 
1000
42.857143 17.000000 26.262627 24.489796 
1000
14.432989 12.121212 21.212122 60.606064 
1000
11.881188 8.163265 52.000000 10.309278 
1000
12.244898 14.000000 55.670101 20.202021 
1000
9.999999 9.090909 49.494953 8.333334 
1000
15.151516 14.432989 59.595959 27.000002 
1000
14.583334 41.666664 16.161615 41.237114 
1000
17.171717 12.000000 38.144329 40.625000 
1000
20.618557 7.142858 47.959183 5.102041 
1000
14.432989 14.141414 65.000000 12.371134 
1000
10.891088 8.910891 23.232323 37.755100 
1000
16.326530 12.371134 25.252527 55.102039 
1000
15.306123 12.121212 27.551022 42.268040 
1000
15.463917 49.000000 18.000000 14.141414 
1000
11.111112 49.494949 12.121212 11.224489 
1000
14.285715 12.121212 16.000000 58.000000 
1000
9.999999 8.163265 51.020409 10.204082 
1000
13.265306 16.326530 57.731956 23.469387 
1000
15.306123 12.121212 52.040817 31.250000 
1000
19.387754 17.346937 48.453609 21.428572 
1000
8.080808 7.000000 18.367348 49.484535 
1000
9.183674 9.090909 12.244898 68.686874 
1000
9.999999 32.323231 17.346937 27.272728 
1000
12.244898 21.649485 24.242424 39.175259 
1000
14.141414 13.402061 42.999996 31.578949 
1000
16.000000 19.191919 52.475250 18.181818 
1000
8.080808 63.636364 8.000000 8.163266 
1000
22.999998 58.163261 12.244898 14.141415 
1000
36.734695 24.242424 7.000000 9.183674 
1000
22.222223 14.285715 27.551022 42.268040 
1000
14.999999 15.000001 52.631577 20.202021 
1000
9.375000 20.833334 25.510204 52.040817 
1000
7.291667 51.020409 8.163266 19.191919 
1000
36.000000 13.861386 14.999999 37.500000 
1000
47.422680 8.080808 12.121212 15.000001 
1000
11.340206 44.897961 22.222223 15.306123 
1000
38.541664 21.428572 39.795918 13.402061 
1000
14.000000 16.000000 26.999998 43.434341 
1000
17.000000 17.525772 56.565655 22.916666 
1000
7.000000 12.121212 9.278350 57.575756 
1000
13.131313 16.161615 15.000001 55.102039 
1000
12.244898 25.773195 18.811882 60.606064 
1000
22.222223 18.367348 19.191919 45.454544 
1000
52.577316 14.000000 14.999999 16.494844 
1000
50.515461 8.163266 9.183674 9.278350 
1000
12.000000 14.851485 13.265306 60.824741 
1000
36.448597 7.407407 10.091743 29.245281 
1000
15.151516 53.999996 22.000000 23.232323 
1000
14.583334 21.428572 17.171717 43.298969 
1000
42.268040 16.000000 31.632652 24.000000 
1000
8.910892 7.142858 10.101010 61.224491 
1000
8.080808 6.122449 11.224489 68.000000 
1000
11.224489 38.000000 12.371133 28.125000 
1000
45.454544 19.000000 18.000000 19.387756 
1000
14.583334 46.000000 19.191919 26.999998 
1000
16.326530 51.546391 18.367348 14.285715 
1000
11.111111 52.525253 22.222223 8.247422 
1000
14.141414 53.535355 16.494844 14.999999 
1000
7.291667 30.612246 12.371134 25.252527 
1000
80.208328 74.489799 92.553185 84.848480 
1000
83.673470 92.783501 87.628868 88.888893 
1000
82.795700 11.111112 28.865978 39.795918 
1000
76.530609 6.185566 51.546391 11.340206 
1000
9.278350 35.869564 66.326530 46.315788 
1000
19.191919 48.453609 69.473686 34.375000 
1000
31.632652 37.894737 32.673267 64.646461 
1000
61.458336 21.649485 58.762886 32.653065 
1000
32.989689 25.263157 11.458334 42.708336 
